,Pre_MSI_Status,Pre_Probability
TUMOR,MSI-H,70.80%
