TruSight Oncology 500 - Combined Variant Output		
For Research Use Only. Not for use in diagnostic procedures.		
		
[Analysis Details]		
Pair ID	SRR19435424	
DNA Sample ID	SRR19435424	
RNA Sample ID	NA	
Output Date	2023-08-15	
Output Time	14:00:55	
Module Version	NA	
Pipeline Version	ruo-2.2.0.12	
		
[Sequencing Run Details]		
NA		
		
[TMB]		
Total TMB	0.0	
Coding Region Size in Megabases	0.34	
Number of Passing Eligible Variants	0	
		
[MSI]		
Usable MSI Sites	0	
Total MSI Sites Unstable	NA	
Percent Unstable MSI Sites	NA	
		
[Gene Amplifications]		
Gene	Fold Change	
MYCL	1.517	
FGF10	1.557	
CCND3	2.696	
EGFR	1.443	
CDK6	1.818	
MET	1.622	
BRAF	1.689	
FGF19	1.588	
FGF4	1.665	
FGF3	1.694	
ATM	1.521	
CHEK1	1.442	
FGF23	1.510	
KRAS	1.665	
FGF14	1.760	
LAMP1	1.522	
		
[Splice Variants]		
Gene	Affected Exon	Breakpoint 1	Breakpoint 2	Splice Supporting Reads	Reference Reads Transcript
NA		
		
[Fusions]		
Gene Pair	Breakpoint 1	Breakpoint 2	Fusion Supporting Reads	Gene 1 Reference Reads	Gene 2 Reference Reads
NA		
		
[Small Variants]		
Gene	Chromosome	Genomic Position	Reference Call	Alternative Call	Allele Frequency	Depth	P-Dot Notation	C-Dot Notation	Consequence(s)	Affected Exon(s)
MTOR	chr1	11205058	C	T	1.0000	29	NM_004958.3:c.4731G>A(p.(Ala1577=))	NM_004958.3:c.4731G>A	synonymous_variant	33/58
MTOR	chr1	11288758	G	A	1.0000	55	NM_004958.3:c.2997C>T(p.(Asn999=))	NM_004958.3:c.2997C>T	synonymous_variant	19/58
MTOR	chr1	11301714	A	G	1.0000	42	NM_004958.3:c.1437T>C(p.(Asp479=))	NM_004958.3:c.1437T>C	synonymous_variant	10/58
SPEN	chr1	16256007	T	C	1.0000	28	NP_055816.2:p.(Leu1091Pro)	NM_015001.2:c.3272T>C	missense_variant	11/15
SPEN	chr1	16257198	G	T	0.3333	15	NP_055816.2:p.(Arg1488Ile)	NM_015001.2:c.4463G>T	missense_variant	11/15
SPEN	chr1	16259813	A	G	1.0000	34	NP_055816.2:p.(Asn2360Asp)	NM_015001.2:c.7078A>G	missense_variant	11/15
	chr1	19071752	T	C	1.0000	47				
	chr1	19071865	T	C	1.0000	40				
	chr1	19072808	G	A	1.0000	42				
	chr1	19072926	A	G	1.0000	39				
	chr1	19074980	C	T	1.0000	35				
	chr1	19075225	A	G	1.0000	18				
	chr1	19075327	C	A	1.0000	12				
ID3	chr1	23885498	T	C	1.0000	43	NP_002158.3:p.(Thr105Ala)	NM_002167.4:c.313A>G	missense_variant	2/3
STK40	chr1	36807481	C	T	0.5873	63	NP_001269475.1:p.(Ala400Thr)	NM_001282546.1:c.1198G>A	missense_variant	11/11
MYCL	chr1	40363054	G	C	1.0000	55	NP_001028254.2:p.(Thr392Ser)	NM_001033082.2:c.1175C>G	missense_variant	3/3
MYCL	chr1	40364803	C	A	0.5510	49		NM_001033082.2:c.587-1161G>T	intron_variant	
MYCL	chr1	40364988	C	T	0.4516	31		NM_001033082.2:c.587-1346G>A	intron_variant	
MYCL	chr1	40366260	G	T	0.5102	49		NM_001033082.2:c.586+351C>A	intron_variant	
MPL	chr1	43805240	A	G	0.4697	66	NM_005373.2:c.690A>G(p.(Glu230=))	NM_005373.2:c.690A>G	splice_region_variant:synonymous_variant	4/12
MUTYH	chr1	45800156	C	T	0.6154	65	NP_001121897.1:p.(Val22Met)	NM_001128425.1:c.64G>A	missense_variant	2/16
PIK3R3	chr1	46521517	G	A	1.0000	34	NM_001303427.1:c.1029C>T(p.(Ser343=))	NM_001303427.1:c.1029C>T	synonymous_variant	7/10
PIK3R3	chr1	46521559	A	T	1.0000	41	NP_001290356.1:p.(Asn329Lys)	NM_001303427.1:c.987T>A	missense_variant	7/10
CDKN2C	chr1	51437902	G	A	1.0000	14		NM_001262.2:c.130-1663G>A	intron_variant	
JAK1	chr1	65303659	C	T	0.5152	33	NM_001321852.1:c.3096G>A(p.(Lys1032=))	NM_001321852.1:c.3096G>A	synonymous_variant	22/25
JAK1	chr1	65310489	T	C	0.3810	63	NM_001321852.1:c.2199A>G(p.(Pro733=))	NM_001321852.1:c.2199A>G	synonymous_variant	16/25
JAK1	chr1	65335062	A	G	0.5455	66	NM_001321852.1:c.579T>C(p.(Ala193=))	NM_001321852.1:c.579T>C	synonymous_variant	6/25
NEGR1	chr1	71873154	T	G	0.4783	23	NP_776169.2:p.(Tyr347Ser)	NM_173808.2:c.1040A>C	missense_variant	7/7
NEGR1	chr1	72058552	G	A	1.0000	50	NM_173808.2:c.888C>T(p.(Thr296=))	NM_173808.2:c.888C>T	synonymous_variant	6/7
BCL10	chr1	85742012	G	C	1.0000	47	NM_003921.4:c.24C>G(p.(Leu8=))	NM_003921.4:c.24C>G	synonymous_variant	1/3
NRAS	chr1	115257521	C	T	1.0000	3		NM_002524.4:c.112-922G>A	intron_variant	
FAM46C	chr1	118156053	G	A	0.5161	31		NM_017709.3:c.-28+7278G>A	intron_variant	
FAM46C	chr1	118165973	C	T	0.5000	52	NM_017709.3:c.483C>T(p.(Asn161=))	NM_017709.3:c.483C>T	synonymous_variant	2/2
FAM46C	chr1	118166096	C	T	0.5625	48	NM_017709.3:c.606C>T(p.(Ile202=))	NM_017709.3:c.606C>T	synonymous_variant	2/2
HSD3B1	chr1	120057158	C	T	1.0000	49	NM_000862.2:c.1012C>T(p.(Leu338=))	NM_000862.2:c.1012C>T	synonymous_variant	4/4
HSD3B1	chr1	120057246	C	A	1.0000	46	NP_000853.1:p.(Thr367Asn)	NM_000862.2:c.1100C>A	missense_variant	4/4
RIT1	chr1	155880573	C	G	1.0000	70	NP_001243750.1:p.(Glu11Gln)	NM_001256821.1:c.31G>C	missense_variant	2/6
NTRK1	chr1	156846233	G	A	0.4546	77	NM_002529.3:c.1674G>A(p.(Gln558=))	NM_002529.3:c.1674G>A	synonymous_variant	14/17
NTRK1	chr1	156848995	C	T	0.4675	77	NM_002529.3:c.1887C>T(p.(Ala629=))	NM_002529.3:c.1887C>T	synonymous_variant	15/17
SPTA1	chr1	158582646	T	C	0.6522	46	NM_003126.2:c.7095A>G(p.(Ala2365=))	NM_003126.2:c.7095A>G	synonymous_variant	51/52
SPTA1	chr1	158592935	G	A	0.4043	47	NM_003126.2:c.5958C>T(p.(Pro1986=))	NM_003126.2:c.5958C>T	synonymous_variant	43/52
SPTA1	chr1	158597507	G	C	0.4483	29	NP_003117.2:p.(Leu1858Val)	NM_003126.2:c.5572C>G	missense_variant	40/52
SPTA1	chr1	158606449	G	T	0.4000	35	NM_003126.2:c.5292C>A(p.(Ala1764=))	NM_003126.2:c.5292C>A	synonymous_variant	37/52
SPTA1	chr1	158609792	T	A	0.2800	25	NP_003117.2:p.(Gln1581His)	NM_003126.2:c.4743A>T	missense_variant	34/52
SPTA1	chr1	158612236	A	G	0.2069	29	NP_003117.2:p.(Cys1568Arg)	NM_003126.2:c.4702T>C	missense_variant	33/52
SPTA1	chr1	158619728	A	C	1.0000	43	NP_003117.2:p.(Ser1163Ala)	NM_003126.2:c.3487T>G	missense_variant	25/52
SPTA1	chr1	158626378	C	T	0.3684	19	NM_003126.2:c.2874G>A(p.(Leu958=))	NM_003126.2:c.2874G>A	synonymous_variant	20/52
SPTA1	chr1	158631171	A	C	0.5000	28	NM_003126.2:c.2493T>G(p.(Leu831=))	NM_003126.2:c.2493T>G	synonymous_variant	18/52
SPTA1	chr1	158647495	A	T	1.0000	42	NM_003126.2:c.942T>A(p.(Ala314=))	NM_003126.2:c.942T>A	synonymous_variant	7/52
SPTA1	chr1	158647522	A	G	0.4054	37	NM_003126.2:c.915T>C(p.(Ser305=))	NM_003126.2:c.915T>C	synonymous_variant	7/52
SPTA1	chr1	158655036	G	A	1.0000	48	NM_003126.2:c.126C>T(p.(Val42=))	NM_003126.2:c.126C>T	synonymous_variant	2/52
DDR2	chr1	162724636	T	C	1.0000	51	NM_006182.2:c.408T>C(p.(His136=))	NM_006182.2:c.408T>C	synonymous_variant	5/18
ABL2	chr1	179112145	C	G	0.4130	46		NM_007314.3:c.158-9636G>C	intron_variant	
PIK3C2B	chr1	204396830	G	A	0.4318	44	NM_002646.3:c.4533C>T(p.(Ser1511=))	NM_002646.3:c.4533C>T	synonymous_variant	32/34
PIK3C2B	chr1	204399064	G	A	0.4500	60	NM_002646.3:c.4383C>T(p.(Pro1461=))	NM_002646.3:c.4383C>T	synonymous_variant	30/34
PIK3C2B	chr1	204438334	C	T	1.0000	87	NM_002646.3:c.597G>A(p.(Pro199=))	NM_002646.3:c.597G>A	synonymous_variant	3/34
PIK3C2B	chr1	204438643	G	T	1.0000	91	NM_002646.3:c.288C>A(p.(Leu96=))	NM_002646.3:c.288C>A	synonymous_variant	3/34
MDM4	chr1	204494283	C	T	0.5000	16		NM_002393.4:c.-35-329C>T	intron_variant	
MDM4	chr1	204511602	C	A	0.5556	9		NM_002393.4:c.512-310C>A	intron_variant	
MDM4	chr1	204513256	A	G	0.5263	19		NM_002393.4:c.673-407A>G	intron_variant	
MDM4	chr1	204518499	C	G	0.5588	34	NP_002384.2:p.(Pro388Ala)	NM_002393.4:c.1162C>G	missense_variant	11/11
IKBKE	chr1	206647742	A	G	1.0000	64	NM_014002.3:c.156=(p.(Gln52=))	NM_014002.3:c.156=	synonymous_variant	4/22
IKBKE	chr1	206647787	T	C	1.0000	67	NM_014002.3:c.201T>C(p.(Ile67=))	NM_014002.3:c.201T>C	synonymous_variant	4/22
IKBKE	chr1	206652404	G	A	0.4483	58	NP_054721.1:p.(Ala371Thr)	NM_014002.3:c.1111G>A	missense_variant	10/22
IKBKE	chr1	206669465	C	T	0.4546	55	NP_054721.1:p.(Pro713Leu)	NM_014002.3:c.2138C>T	missense_variant	22/22
PARP1	chr1	226555302	A	G	0.4746	59	NP_001609.2:p.(Val762Ala)	NM_001618.3:c.2285T>C	missense_variant	17/23
PARP1	chr1	226573364	A	G	1.0000	59	NM_001618.3:c.852T>C(p.(Ala284=))	NM_001618.3:c.852T>C	synonymous_variant	7/23
PARP1	chr1	226589958	G	A	0.4783	46	NM_001618.3:c.243C>T(p.(Asp81=))	NM_001618.3:c.243C>T	synonymous_variant	2/23
HIST3H3	chr1	228612838	G	T	1.0000	82	NM_003493.2:c.189C>A(p.(Ile63=))	NM_003493.2:c.189C>A	synonymous_variant	1/1
HIST3H3	chr1	228612892	G	A	0.4603	63	NM_003493.2:c.135C>T(p.(Gly45=))	NM_003493.2:c.135C>T	synonymous_variant	1/1
	chr1	233448413	C	T	0.5000	10				
	chr1	239881926	A	G	1.0000	16				
	chr2	115035	C	T	1.0000	15				
	chr2	10085722	G	A	1.0000	40				
GEN1	chr2	17942775	T	A	1.0000	18	NP_872431.4:p.(Ser92Thr)	NM_182625.4:c.274T>A	missense_variant	3/14
GEN1	chr2	17946243	A	G	1.0000	28	NP_872431.4:p.(Asn143Ser)	NM_182625.4:c.428A>G	missense_variant	4/14
ALK	chr2	29416572	T	C	1.0000	39	NP_004295.2:p.(Ile1461Val)	NM_004304.4:c.4381A>G	missense_variant	29/29
ALK	chr2	29445798	T	C	1.0000	41		NM_004304.4:c.3360-325A>G	intron_variant	
ALK	chr2	29446701	T	C	1.0000	33		NM_004304.4:c.3173-307A>G	intron_variant	
ALK	chr2	29446721	A	G	1.0000	35		NM_004304.4:c.3173-327T>C	intron_variant	
ALK	chr2	29447253	A	G	1.0000	38		NM_004304.4:c.3173-859T>C	intron_variant	
ALK	chr2	29448760	C	T	1.0000	39		NM_004304.4:c.3068-329G>A	intron_variant	
ALK	chr2	29449819	C	T	1.0000	56	NM_004304.4:c.3036G>A(p.(Thr1012=))	NM_004304.4:c.3036G>A	synonymous_variant	18/29
ALK	chr2	29455267	A	G	1.0000	50	NM_004304.4:c.2535T>C(p.(Gly845=))	NM_004304.4:c.2535T>C	synonymous_variant	15/29
ALK	chr2	29543663	T	C	1.0000	45	NM_004304.4:c.1500A>G(p.(Gln500=))	NM_004304.4:c.1500A>G	synonymous_variant	7/29
ALK	chr2	29670877	T	C	1.0000	13		NM_004304.4:c.1155-64152A>G	intron_variant	
ALK	chr2	29940529	A	T	1.0000	27	NM_004304.4:c.702T>A(p.(Pro234=))	NM_004304.4:c.702T>A	synonymous_variant	2/29
ALK	chr2	30134745	T	G	1.0000	9		NM_004304.4:c.667+8114A>C	intron_variant	
ALK	chr2	30143499	G	C	1.0000	39	NM_004304.4:c.27C>G(p.(Leu9=))	NM_004304.4:c.27C>G	synonymous_variant	1/29
EML4	chr2	42515388	A	G	1.0000	13	NM_019063.4:c.1144=(p.(Val382=))	NM_019063.4:c.1144=	synonymous_variant	11/23
EML4	chr2	42515437	A	G	1.0000	13	NP_061936.2:p.(Lys398Arg)	NM_019063.4:c.1193A>G	missense_variant	11/23
MSH6	chr2	48010488	G	A	1.0000	25	NP_000170.1:p.(Gly39Glu)	NM_000179.2:c.116G>A	missense_variant	1/10
FANCL	chr2	58388696	A	G	1.0000	13	NM_001114636.1:c.996T>C(p.(Ser332=))	NM_001114636.1:c.996T>C	synonymous_variant	12/14
INPP4A	chr2	99149946	G	A	1.0000	28	NM_001134224.1:c.258G>A(p.(Thr86=))	NM_001134224.1:c.258G>A	synonymous_variant	5/26
INPP4A	chr2	99172244	A	G	1.0000	45	NP_001127696.1:p.(Thr604Ala)	NM_001134224.1:c.1810A>G	missense_variant	17/26
INPP4A	chr2	99193496	C	T	1.0000	44	NM_001134224.1:c.2691C>T(p.(Ser897=))	NM_001134224.1:c.2691C>T	synonymous_variant	25/26
RANBP2	chr2	109389463	G	A	1.0000	24	NM_006267.4:c.8253=(p.(Glu2751=))	NM_006267.4:c.8253=	synonymous_variant	23/29
PAX8	chr2	113978940	C	G	1.0000	33		NM_003466.3:c.1190-1185G>C	intron_variant	
PAX8	chr2	113980645	C	G	1.0000	21		NM_003466.3:c.1190-2890G>C	intron_variant	
PAX8	chr2	113981022	G	A	1.0000	27		NM_003466.3:c.1190-3267C>T	intron_variant	
PAX8	chr2	113981137	T	C	1.0000	28		NM_003466.3:c.1190-3382A>G	intron_variant	
PAX8	chr2	113981810	A	G	1.0000	20		NM_003466.3:c.1189+2922T>C	intron_variant	
PAX8	chr2	113982584	T	C	1.0000	11		NM_003466.3:c.1189+2148A>G	intron_variant	
PAX8	chr2	113982608	G	A	1.0000	11		NM_003466.3:c.1189+2124C>T	intron_variant	
PAX8	chr2	113984303	T	C	1.0000	17		NM_003466.3:c.1189+429A>G	intron_variant	
PAX8	chr2	113985186	C	G	1.0000	34		NM_003466.3:c.1088-353G>C	intron_variant	
PAX8	chr2	113986629	C	T	1.0000	21		NM_003466.3:c.1088-1796G>A	intron_variant	
PAX8	chr2	113988492	G	A	1.0000	32		NM_003466.3:c.1088-3659C>T	intron_variant	
PAX8	chr2	113989236	C	T	1.0000	24		NM_003466.3:c.1087+3735G>A	intron_variant	
PAX8	chr2	113989267	T	C	1.0000	23		NM_003466.3:c.1087+3704A>G	intron_variant	
PAX8	chr2	113990242	T	C	1.0000	32		NM_003466.3:c.1087+2729A>G	intron_variant	
PAX8	chr2	113990261	G	A	1.0000	36		NM_003466.3:c.1087+2710C>T	intron_variant	
PAX8	chr2	113990393	C	A	1.0000	41		NM_003466.3:c.1087+2578G>T	intron_variant	
PAX8	chr2	113991970	A	G	1.0000	51		NM_003466.3:c.1087+1001T>C	intron_variant	
PAX8	chr2	113993344	A	C	1.0000	56		NM_003466.3:c.899-185T>G	intron_variant	
PAX8	chr2	113993385	C	G	1.0000	51		NM_003466.3:c.899-226G>C	intron_variant	
PAX8	chr2	114036436	G	C	1.0000	54		NM_003466.3:c.-104=	5_prime_UTR_variant	1/12
LRP1B	chr2	141267573	G	A	1.0000	31	NM_018557.2:c.8322C>T(p.(Cys2774=))	NM_018557.2:c.8322C>T	synonymous_variant	52/91
LRP1B	chr2	141274576	T	C	1.0000	7	NM_018557.2:c.8031A>G(p.(Gln2677=))	NM_018557.2:c.8031A>G	synonymous_variant	50/91
LRP1B	chr2	141816621	A	G	1.0000	4	NM_018557.2:c.1239T>C(p.(Val413=))	NM_018557.2:c.1239T>C	splice_region_variant:synonymous_variant	9/91
ACVR1	chr2	158636910	G	A	1.0000	36	NM_001111067.2:c.270C>T(p.(Ala90=))	NM_001111067.2:c.270C>T	synonymous_variant	4/11
	chr2	182413259	A	G	1.0000	8				
ERBB4	chr2	212251864	T	C	1.0000	18	NM_005235.2:c.3195A>G(p.(Val1065=))	NM_005235.2:c.3195A>G	synonymous_variant	27/28
BARD1	chr2	215632255	CA	TG	0.9524	21	NP_000456.2:p.(Val507Met)	NM_000465.3:c.1518_1519invTG	missense_variant	6/11
BARD1	chr2	215674224	G	A	1.0000	38	NP_000456.2:p.(Pro24Ser)	NM_000465.3:c.70C>T	missense_variant	1/11
PAX3	chr2	223069079	T	C	1.0000	8		NM_181459.3:c.1174-2170A>G	intron_variant	
PAX3	chr2	223070676	C	T	1.0000	10		NM_181459.3:c.1174-3767G>A	intron_variant	
PAX3	chr2	223072019	T	A	1.0000	25		NM_181459.3:c.1174-5110A>T	intron_variant	
PAX3	chr2	223079344	G	A	1.0000	24		NM_181459.3:c.1173+5515C>T	intron_variant	
PAX3	chr2	223080192	G	A	1.0000	20		NM_181459.3:c.1173+4667C>T	intron_variant	
PAX3	chr2	223082331	C	T	1.0000	17		NM_181459.3:c.1173+2528G>A	intron_variant	
PAX3	chr2	223082526	G	C	1.0000	12		NM_181459.3:c.1173+2333C>G	intron_variant	
PAX3	chr2	223083079	T	C	1.0000	6		NM_181459.3:c.1173+1780A>G	intron_variant	
PAX3	chr2	223161889	A	G	1.0000	41	NM_181459.3:c.129T>C(p.(Gly43=))	NM_181459.3:c.129T>C	synonymous_variant	2/10
CUL3	chr2	225346646	T	C	1.0000	11	NM_001257198.1:c.2010A>G(p.(Gln670=))	NM_001257198.1:c.2010A>G	synonymous_variant	14/16
CUL3	chr2	225362478	C	T	1.0000	8	NP_001244127.1:p.(Val573Ile)	NM_001257198.1:c.1717G>A	missense_variant	12/16
PPARG	chr3	12398450	C	G	0.9643	28		NM_015869.4:c.82+5277C>G	intron_variant	
PPARG	chr3	12398828	T	C	1.0000	49		NM_015869.4:c.82+5655T>C	intron_variant	
PPARG	chr3	12402474	C	T	1.0000	25		NM_015869.4:c.82+9301C>T	intron_variant	
PPARG	chr3	12402601	A	G	1.0000	18		NM_015869.4:c.82+9428A>G	intron_variant	
PPARG	chr3	12403119	G	T	1.0000	18		NM_015869.4:c.82+9946G>T	intron_variant	
PPARG	chr3	12404490	T	C	1.0000	18		NM_015869.4:c.82+11317T>C	intron_variant	
PPARG	chr3	12408278	A	G	1.0000	11		NM_015869.4:c.83-12925A>G	intron_variant	
PPARG	chr3	12412115	G	A	1.0000	12		NM_015869.4:c.83-9088G>A	intron_variant	
PPARG	chr3	12415839	C	T	1.0000	24		NM_015869.4:c.83-5364C>T	intron_variant	
PPARG	chr3	12418596	C	T	1.0000	20		NM_015869.4:c.83-2607C>T	intron_variant	
PPARG	chr3	12418612	C	T	1.0000	17		NM_015869.4:c.83-2591C>T	intron_variant	
PPARG	chr3	12419475	T	C	1.0000	6		NM_015869.4:c.83-1728T>C	intron_variant	
RAF1	chr3	12651982	G	C	1.0000	42		NM_002880.3:c.321-1148C>G	intron_variant	
RAF1	chr3	12695252	C	G	1.0000	9		NM_002880.3:c.-27+10060G>C	intron_variant	
RAF1	chr3	12704438	C	A	1.0000	42		NM_002880.3:c.-27+874G>T	intron_variant	
RHOA	chr3	49433401	C	T	1.0000	16		NM_001664.3:c.-3+15852G>A	intron_variant	
MST1	chr3	49723784	C	A	0.9655	29	NM_020998.3:c.978G>T(p.(Pro326=))	NM_020998.3:c.978G>T	synonymous_variant	8/18
MST1	chr3	49724808	T	C	1.0000	33	NM_020998.3:c.459A>G(p.(Pro153=))	NM_020998.3:c.459A>G	synonymous_variant	4/18
MST1R	chr3	49924940	T	C	1.0000	47	NP_002438.2:p.(Arg1335Gly)	NM_002447.2:c.4003A>G	missense_variant	20/20
MST1R	chr3	49928691	T	C	1.0000	43	NM_002447.2:c.3583=(p.(Gly1195=))	NM_002447.2:c.3583=	synonymous_variant	17/20
MST1R	chr3	49936102	T	C	1.0000	43	NP_002438.2:p.(Gln523Arg)	NM_002447.2:c.1568A>G	missense_variant	4/20
BAP1	chr3	52440271	G	A	1.0000	43	NP_004647.1:p.(Gln261Ter)	NM_004656.3:c.781C>T	stop_gained:splice_region_variant	9/17
PBRM1	chr3	52668638	G	A	1.0000	10	NM_018313.4:c.1281C>T(p.(Pro427=))	NM_018313.4:c.1281C>T	synonymous_variant	12/30
PBRM1	chr3	52668776	A	G	1.0000	22	NM_018313.4:c.1143T>C(p.(Asp381=))	NM_018313.4:c.1143T>C	synonymous_variant	12/30
GATA2	chr3	128205860	G	C	1.0000	23	NM_032638.4:c.15C>G(p.(Pro5=))	NM_032638.4:c.15C>G	synonymous_variant	2/6
EPHB1	chr3	134898742	C	T	1.0000	34	NM_004441.4:c.1800C>T(p.(Tyr600=))	NM_004441.4:c.1800C>T	synonymous_variant	10/16
ATR	chr3	142168331	C	T	1.0000	11	NM_001184.3:c.7875G>A(p.(Gln2625=))	NM_001184.3:c.7875G>A	synonymous_variant	47/47
ATR	chr3	142178144	C	T	1.0000	14	NP_001175.2:p.(Arg2425Gln)	NM_001184.3:c.7274G>A	missense_variant	43/47
ATR	chr3	142277575	A	T	1.0000	8	NM_001184.3:c.1776T>A(p.(Gly592=))	NM_001184.3:c.1776T>A	synonymous_variant	8/47
ATR	chr3	142281612	A	G	1.0000	8	NP_001175.2:p.(Met211Thr)	NM_001184.3:c.632T>C	missense_variant	4/47
BCL6	chr3	187447032	G	A	0.9808	52	NM_001706.4:c.1161C>T(p.(Asn387=))	NM_001706.4:c.1161C>T	synonymous_variant	5/10
	chr3	193207380	T	C	1.0000	26				
TFRC	chr3	195778972	C	T	0.9630	27	NM_001128148.2:c.2124G>A(p.(Thr708=))	NM_001128148.2:c.2124G>A	synonymous_variant	19/19
TFRC	chr3	195800811	C	T	1.0000	28	NP_001121620.1:p.(Gly142Ser)	NM_001128148.2:c.424G>A	missense_variant	4/19
FGFR3	chr4	1805296	G	A	1.0000	84		NM_001163213.1:c.1081+505G>A	intron_variant	
FGFR3	chr4	1807894	G	A	1.0000	59	NM_001163213.1:c.1959=(p.(Thr653=))	NM_001163213.1:c.1959=	synonymous_variant	14/18
	chr4	46329655	A	T	1.0000	12				
	chr4	46329723	T	A	1.0000	9				
PDGFRA	chr4	55141055	A	G	1.0000	30	NM_006206.5:c.1701A>G(p.(Pro567=))	NM_006206.5:c.1701A>G	synonymous_variant	12/23
PDGFRA	chr4	55143286	G	A	1.0000	23		NM_006206.5:c.1787-269G>A	intron_variant	
PDGFRA	chr4	55161325	G	A	1.0000	34	NM_006206.5:c.3156G>A(p.(Thr1052=))	NM_006206.5:c.3156G>A	synonymous_variant	23/23
PDGFRA	chr4	55161391	T	C	1.0000	34	NM_006206.5:c.3222T>C(p.(Asp1074=))	NM_006206.5:c.3222T>C	synonymous_variant	23/23
KIT	chr4	55573693	G	A	1.0000	35		NM_000222.2:c.1115+240G>A	intron_variant	
KIT	chr4	55580904	C	T	1.0000	14		NM_000222.2:c.1231+5199C>T	intron_variant	
EPHA5	chr4	66535284	G	A	1.0000	29	NM_001281765.2:c.177C>T(p.(Asn59=))	NM_001281765.2:c.177C>T	synonymous_variant	1/18
FGF5	chr4	81202398	T	C	1.0000	31		NM_004464.3:c.460-5081T>C	intron_variant	
FGF5	chr4	81208992	A	T	1.0000	13		NM_004464.3:c.*1166A>T	3_prime_UTR_variant	3/3
FGF5	chr4	81211570	G	C	1.0000	10		NM_004464.3:c.*3744G>C	3_prime_UTR_variant	3/3
TET2	chr4	106156163	G	A	1.0000	17	NP_001120680.1:p.(Gly355Asp)	NM_001127208.2:c.1064G>A	missense_variant	3/11
TET2	chr4	106159644	T	A	1.0000	9		NM_001127208.2:c.3409+1136T>A	intron_variant	
TET2	chr4	106196951	A	G	1.0000	34	NP_001120680.1:p.(Ile1762Val)	NM_001127208.2:c.5284A>G	missense_variant	11/11
FGF2	chr4	123807262	G	A	1.0000	12		NM_002006.4:c.682-6104G>A	intron_variant	
INPP4B	chr4	143033778	T	C	1.0000	24	NM_001331040.1:c.2193A>G(p.(Leu731=))	NM_001331040.1:c.2193A>G	synonymous_variant	22/26
INPP4B	chr4	143067054	G	A	1.0000	18	NM_001331040.1:c.1659C>T(p.(Gly553=))	NM_001331040.1:c.1659C>T	synonymous_variant	18/26
INPP4B	chr4	143235865	C	G	1.0000	16	NM_001331040.1:c.423G>C(p.(Gly141=))	NM_001331040.1:c.423G>C	splice_region_variant:synonymous_variant	8/26
	chr4	169663615	T	G	1.0000	19				
IRF2	chr4	185310218	C	T	1.0000	33	NM_002199.3:c.744G>A(p.(Gly248=))	NM_002199.3:c.744G>A	splice_region_variant:synonymous_variant	9/9
FAT1	chr4	187519206	C	G	0.9583	24	NP_005236.2:p.(Lys4059Asn)	NM_005245.3:c.12177G>C	missense_variant	23/27
FAT1	chr4	187541131	G	A	1.0000	31	NM_005245.3:c.6609C>T(p.(His2203=))	NM_005245.3:c.6609C>T	synonymous_variant	10/27
FAT1	chr4	187627792	T	C	1.0000	23	NP_005236.2:p.(Arg1064Gly)	NM_005245.3:c.3190A>G	missense_variant	2/27
FAT1	chr4	187628398	C	G	1.0000	27	NP_005236.2:p.(Val862Leu)	NM_005245.3:c.2584G>C	missense_variant	2/27
FAT1	chr4	187629140	G	C	1.0000	26	NP_005236.2:p.(Phe614Leu)	NM_005245.3:c.1842C>G	missense_variant	2/27
FAT1	chr4	187630590	G	A	1.0000	22	NP_005236.2:p.(Ala131Val)	NM_005245.3:c.392C>T	missense_variant	2/27
	chr4	190318080	C	G	1.0000	10				
SDHA	chr5	251792	A	G	0.2800	25		NM_004168.3:c.1794+209A>G	intron_variant	
IL7R	chr5	35861068	T	C	1.0000	33	NP_002176.2:p.(Ile66Thr)	NM_002185.3:c.197T>C	missense_variant	2/8
IL7R	chr5	35871190	G	A	1.0000	25	NP_002176.2:p.(Val138Ile)	NM_002185.3:c.412G>A	missense_variant	4/8
IL7R	chr5	35874575	C	T	0.2105	19	NP_002176.2:p.(Thr244Ile)	NM_002185.3:c.731C>T	missense_variant	6/8
IL7R	chr5	35876274	A	G	0.6829	41	NP_002176.2:p.(Ile356Val)	NM_002185.3:c.1066A>G	missense_variant	8/8
RICTOR	chr5	38950776	G	A	1.0000	19	NM_001285439.1:c.3174=(p.(Ser1058=))	NM_001285439.1:c.3174=	synonymous_variant	31/39
FGF10	chr5	44313303	T	C	1.0000	15		NM_004465.1:c.326-2671A>G	intron_variant	
FGF10	chr5	44328829	A	C	1.0000	34		NM_004465.1:c.326-18197T>G	intron_variant	
FGF10	chr5	44355326	T	C	1.0000	13		NM_004465.1:c.325+33134A>G	intron_variant	
FGF10	chr5	44355363	T	C	1.0000	13		NM_004465.1:c.325+33097A>G	intron_variant	
FGF10	chr5	44361785	C	T	1.0000	22		NM_004465.1:c.325+26675G>A	intron_variant	
FGF10	chr5	44377060	G	A	1.0000	11		NM_004465.1:c.325+11400C>T	intron_variant	
FGF10	chr5	44377083	G	T	1.0000	16		NM_004465.1:c.325+11377C>A	intron_variant	
MAP3K1	chr5	56161787	G	A	1.0000	8	NM_005921.1:c.1284G>A(p.(Thr428=))	NM_005921.1:c.1284G>A	synonymous_variant	6/20
MAP3K1	chr5	56181883	T	C	1.0000	14	NM_005921.1:c.4107T>C(p.(Asp1369=))	NM_005921.1:c.4107T>C	synonymous_variant	17/20
PLK2	chr5	57755703	C	T	1.0000	33	NM_006622.3:c.84G>A(p.(Ala28=))	NM_006622.3:c.84G>A	synonymous_variant	1/14
MSH3	chr5	79950781	A	G	1.0000	25	NP_002430.3:p.(Ile79Val)	NM_002439.4:c.235A>G	missense_variant:splice_region_variant	1/24
APC	chr5	112162854	T	C	1.0000	18	NM_000038.5:c.1458T>C(p.(Tyr486=))	NM_000038.5:c.1458T>C	synonymous_variant	12/16
APC	chr5	112164561	G	A	1.0000	6	NM_000038.5:c.1635G>A(p.(Ala545=))	NM_000038.5:c.1635G>A	synonymous_variant	14/16
APC	chr5	112175617	T	A	1.0000	23	NM_000038.5:c.4326T>A(p.(Pro1442=))	NM_000038.5:c.4326T>A	synonymous_variant	16/16
APC	chr5	112175770	G	A	1.0000	22	NM_000038.5:c.4479G>A(p.(Thr1493=))	NM_000038.5:c.4479G>A	synonymous_variant	16/16
APC	chr5	112176325	G	A	1.0000	21	NM_000038.5:c.5034G>A(p.(Gly1678=))	NM_000038.5:c.5034G>A	synonymous_variant	16/16
APC	chr5	112176559	T	G	1.0000	20	NM_000038.5:c.5268T>G(p.(Ser1756=))	NM_000038.5:c.5268T>G	synonymous_variant	16/16
APC	chr5	112176756	T	A	1.0000	6	NP_000029.2:p.(Val1822Asp)	NM_000038.5:c.5465T>A	missense_variant	16/16
APC	chr5	112177171	G	A	1.0000	17	NM_000038.5:c.5880G>A(p.(Pro1960=))	NM_000038.5:c.5880G>A	synonymous_variant	16/16
CTNNA1	chr5	138266183	C	T	1.0000	33	NP_001894.2:p.(Gln678Ter)	NM_001903.4:c.2032C>T	stop_gained	15/18
FGF1	chr5	142010380	G	A	1.0000	41		NM_001144934.1:c.-34-16654C>T	intron_variant	
FGF1	chr5	142017860	C	T	0.9750	40		NM_001144934.1:c.-34-24134G>A	intron_variant	
CSF1R	chr5	149493472	C	T	1.0000	7			upstream_gene_variant	
PDGFRB	chr5	149493472	C	T	1.0000	7		NM_002609.3:c.*1854=	3_prime_UTR_variant	23/23
CSF1R	chr5	149495395	T	C	1.0000	57			upstream_gene_variant	
PDGFRB	chr5	149495395	T	C	1.0000	57	NM_002609.3:c.3252A>G(p.(Pro1084=))	NM_002609.3:c.3252A>G	synonymous_variant	23/23
PDGFRB	chr5	149499672	T	C	1.0000	30	NM_002609.3:c.2601A>G(p.(Leu867=))	NM_002609.3:c.2601A>G	synonymous_variant	19/23
GABRA6	chr5	161119071	G	T	1.0000	33	NM_000811.2:c.951G>T(p.(Ala317=))	NM_000811.2:c.951G>T	synonymous_variant	8/9
GABRA6	chr5	161128761	C	G	1.0000	17	NM_000811.2:c.1344C>G(p.(Val448=))	NM_000811.2:c.1344C>G	synonymous_variant	9/9
	chr5	174778678	A	G	1.0000	32				
FGFR4	chr5	176517461	T	G	1.0000	53	NM_002011.4:c.162T>G(p.(Arg54=))	NM_002011.4:c.162T>G	synonymous_variant	3/18
FGFR4	chr5	176517797	C	T	1.0000	38	NP_002002.3:p.(Pro136Leu)	NM_002011.4:c.407C>T	missense_variant	4/18
FGFR4	chr5	176518784	C	T	1.0000	55	NM_002011.4:c.702C>T(p.(Arg234=))	NM_002011.4:c.702C>T	synonymous_variant	6/18
NSD1	chr5	176721198	T	C	1.0000	40	NM_022455.4:c.6829T>C(p.(Leu2277=))	NM_022455.4:c.6829T>C	synonymous_variant	23/23
FLT4	chr5	180046344	G	C	1.0000	37	NP_891555.2:p.(His890Gln)	NM_182925.4:c.2670C>G	missense_variant	19/30
	chr6	12059954	G	A	1.0000	57				
E2F3	chr6	20447293	A	G	1.0000	31		NM_001949.4:c.394-32784A>G	intron_variant	
E2F3	chr6	20481825	T	C	1.0000	30		NM_001949.4:c.725+169T>C	intron_variant	
E2F3	chr6	20487250	T	G	1.0000	16		NM_001949.4:c.999+216T>G	intron_variant	
HIST1H3A	chr6	26020936	C	T	0.3208	53	NM_003529.2:c.219C>T(p.(Arg73=))	NM_003529.2:c.219C>T	synonymous_variant	1/1
HIST1H3C	chr6	26044064	G	A	0.4000	20			upstream_gene_variant	
HIST1H3C	chr6	26045929	T	C	0.4200	50	NM_003531.2:c.291T>C(p.(Cys97=))	NM_003531.2:c.291T>C	synonymous_variant	1/1
HIST1H1C	chr6	26056549	A	G	0.5849	53	NM_005319.3:c.108T>C(p.(Ser36=))	NM_005319.3:c.108T>C	synonymous_variant	1/1
HIST1H3G	chr6	26271241	G	A	0.5833	48	NM_003534.2:c.372C>T(p.(Asp124=))	NM_003534.2:c.372C>T	synonymous_variant	1/1
NOTCH4	chr6	32168771	G	T	0.4776	67	NM_004557.3:c.4152C>A(p.(Val1384=))	NM_004557.3:c.4152C>A	synonymous_variant	23/30
NOTCH4	chr6	32172065	T	G	1.0000	100	NM_004557.3:c.2967A>C(p.(Gly989=))	NM_004557.3:c.2967A>C	synonymous_variant	19/30
NOTCH4	chr6	32172124	C	T	0.3939	66	NP_004548.3:p.(Asp970Asn)	NM_004557.3:c.2908G>A	missense_variant	19/30
NOTCH4	chr6	32184705	G	A	1.0000	50		NM_004557.3:c.1861+17C>T	intron_variant	
NOTCH4	chr6	32188383	T	C	0.4714	70	NP_004548.3:p.(Thr320Ala)	NM_004557.3:c.958A>G	missense_variant	6/30
NOTCH4	chr6	32190390	T	G	0.5244	82	NP_004548.3:p.(Lys117Gln)	NM_004557.3:c.349A>C	missense_variant	3/30
NOTCH4	chr6	32190406	A	G	0.4667	90	NM_004557.3:c.333T>C(p.(Gly111=))	NM_004557.3:c.333T>C	synonymous_variant	3/30
NOTCH4	chr6	32190484	G	A	0.5667	90	NM_004557.3:c.255C>T(p.(Pro85=))	NM_004557.3:c.255C>T	synonymous_variant	3/30
DAXX	chr6	33288271	A	G	0.4853	68	NM_001141970.1:c.1173T>C(p.(Tyr391=))	NM_001141970.1:c.1173T>C	synonymous_variant	4/8
CCND3	chr6	41903782	A	C	0.2185	119	NP_001751.1:p.(Ser259Ala)	NM_001760.4:c.775T>G	missense_variant	5/5
	chr6	41915519	G	A	0.3023	86				
	chr6	41943080	T	C	0.2727	99				
	chr6	42013042	C	T	0.1695	59				
	chr6	42013049	T	C	0.2344	64				
	chr6	42013360	G	T	0.7313	67				
EPHA7	chr6	93967851	C	T	1.0000	17	NM_004440.3:c.2076G>A(p.(Pro692=))	NM_004440.3:c.2076G>A	synonymous_variant	11/17
EPHA7	chr6	93982124	A	G	1.0000	22	NM_004440.3:c.1341T>C(p.(Ser447=))	NM_004440.3:c.1341T>C	synonymous_variant	6/17
EPHA7	chr6	94067981	C	T	1.0000	11	NM_004440.3:c.981G>A(p.(Ala327=))	NM_004440.3:c.981G>A	synonymous_variant	4/17
ROS1	chr6	117631431	T	G	1.0000	13	NM_002944.2:c.6247A>C(p.(Arg2083=))	NM_002944.2:c.6247A>C	synonymous_variant	40/43
ROS1	chr6	117639419	T	C	1.0000	16		NM_002944.2:c.5941-4A>G	splice_region_variant:intron_variant	
ROS1	chr6	117639620	G	T	1.0000	8		NM_002944.2:c.5941-205C>A	intron_variant	
ROS1	chr6	117639788	T	C	1.0000	18		NM_002944.2:c.5941-373A>G	intron_variant	
ROS1	chr6	117639820	A	G	1.0000	20		NM_002944.2:c.5941-405T>C	intron_variant	
ROS1	chr6	117640388	G	A	1.0000	9		NM_002944.2:c.5940+643C>T	intron_variant	
ROS1	chr6	117641330	C	T	1.0000	19		NM_002944.2:c.5778-137G>A	intron_variant	
ROS1	chr6	117641474	G	A	1.0000	6		NM_002944.2:c.5778-281C>T	intron_variant	
ROS1	chr6	117641819	T	G	1.0000	22		NM_002944.2:c.5777+603A>C	intron_variant	
ROS1	chr6	117643433	T	C	1.0000	18		NM_002944.2:c.5642-876A>G	intron_variant	
ROS1	chr6	117643659	C	G	1.0000	19		NM_002944.2:c.5642-1102G>C	intron_variant	
ROS1	chr6	117644054	T	C	1.0000	18		NM_002944.2:c.5641+1441A>G	intron_variant	
ROS1	chr6	117644132	C	T	1.0000	16		NM_002944.2:c.5641+1363G>A	intron_variant	
ROS1	chr6	117644866	T	C	1.0000	13		NM_002944.2:c.5641+629A>G	intron_variant	
ROS1	chr6	117645041	C	T	1.0000	28		NM_002944.2:c.5641+454G>A	intron_variant	
ROS1	chr6	117645239	C	T	1.0000	6		NM_002944.2:c.5641+256G>A	intron_variant	
ROS1	chr6	117646289	A	G	1.0000	9		NM_002944.2:c.5558-711T>C	intron_variant	
ROS1	chr6	117646772	T	C	1.0000	20		NM_002944.2:c.5557+615A>G	intron_variant	
ROS1	chr6	117648064	C	T	1.0000	13		NM_002944.2:c.5367-487G>A	intron_variant	
ROS1	chr6	117648340	C	T	1.0000	34		NM_002944.2:c.5367-763G>A	intron_variant	
ROS1	chr6	117649988	T	C	1.0000	30		NM_002944.2:c.5366+504A>G	intron_variant	
ROS1	chr6	117650131	A	T	1.0000	3		NM_002944.2:c.5366+361T>A	intron_variant	
ROS1	chr6	117650800	G	A	1.0000	23		NM_002944.2:c.5249-191C>T	intron_variant	
ROS1	chr6	117651344	A	G	1.0000	36		NM_002944.2:c.5249-735T>C	intron_variant	
ROS1	chr6	117651926	T	C	1.0000	21		NM_002944.2:c.5249-1317A>G	intron_variant	
ROS1	chr6	117652187	T	C	1.0000	23		NM_002944.2:c.5249-1578A>G	intron_variant	
ROS1	chr6	117653900	G	A	1.0000	9		NM_002944.2:c.5249-3291C>T	intron_variant	
ROS1	chr6	117654580	A	G	1.0000	14		NM_002944.2:c.5248+3755T>C	intron_variant	
ROS1	chr6	117654711	T	C	1.0000	19		NM_002944.2:c.5248+3624A>G	intron_variant	
ROS1	chr6	117655627	T	C	1.0000	8		NM_002944.2:c.5248+2708A>G	intron_variant	
ROS1	chr6	117656339	G	A	1.0000	7		NM_002944.2:c.5248+1996C>T	intron_variant	
ROS1	chr6	117658193	G	C	1.0000	11		NM_002944.2:c.5248+142C>G	intron_variant	
ROS1	chr6	117659853	C	G	1.0000	32		NM_002944.2:c.5080-1350G>C	intron_variant	
ROS1	chr6	117661264	T	C	1.0000	5		NM_002944.2:c.5079+1034A>G	intron_variant	
ROS1	chr6	117661344	T	C	1.0000	5		NM_002944.2:c.5079+954A>G	intron_variant	
ROS1	chr6	117661424	A	G	1.0000	9		NM_002944.2:c.5079+874T>C	intron_variant	
ROS1	chr6	117724379	C	T	1.0000	24	NP_002935.2:p.(Arg167Gln)	NM_002944.2:c.500G>A	missense_variant	6/43
MYB	chr6	135524516	A	G	1.0000	11		NM_001130173.1:c.2169+54A>G	intron_variant	
MYB	chr6	135525396	G	T	1.0000	20		NM_001130173.1:c.2169+934G>T	intron_variant	
MYB	chr6	135525737	A	G	1.0000	23		NM_001130173.1:c.2169+1275A>G	intron_variant	
MYB	chr6	135525927	T	C	1.0000	30		NM_001130173.1:c.2169+1465T>C	intron_variant	
MYB	chr6	135526768	C	T	1.0000	4		NM_001130173.1:c.2169+2306C>T	intron_variant	
MYB	chr6	135528722	A	G	1.0000	7		NM_001130173.1:c.2169+4260A>G	intron_variant	
MYB	chr6	135529561	C	T	1.0000	14		NM_001130173.1:c.2169+5099C>T	intron_variant	
MYB	chr6	135531639	G	T	1.0000	9		NM_001130173.1:c.2169+7177G>T	intron_variant	
MYB	chr6	135531800	T	C	1.0000	18		NM_001130173.1:c.2170-7202T>C	intron_variant	
MYB	chr6	135534823	T	C	1.0000	35		NM_001130173.1:c.2170-4179T>C	intron_variant	
MYB	chr6	135535447	T	C	1.0000	17		NM_001130173.1:c.2170-3555T>C	intron_variant	
MYB	chr6	135536496	T	C	1.0000	28		NM_001130173.1:c.2170-2506T>C	intron_variant	
MYB	chr6	135536586	A	G	1.0000	28		NM_001130173.1:c.2170-2416A>G	intron_variant	
MYB	chr6	135537897	A	G	1.0000	15		NM_001130173.1:c.2170-1105A>G	intron_variant	
ZBTB2	chr6	151686905	C	T	0.9744	39	NM_020861.2:c.1296G>A(p.(Glu432=))	NM_020861.2:c.1296G>A	synonymous_variant	3/3
ESR1	chr6	152125444	T	C	1.0000	29			upstream_gene_variant	
ESR1	chr6	152129077	T	C	1.0000	41	NM_000125.3:c.30T>C(p.(Ser10=))	NM_000125.3:c.30T>C	synonymous_variant	1/8
ESR1	chr6	152153697	G	A	1.0000	14		NM_000125.3:c.453-10035G>A	intron_variant	
ESR1	chr6	152201875	T	C	1.0000	32	NM_000125.3:c.729=(p.(Arg243=))	NM_000125.3:c.729=	synonymous_variant	3/8
ESR1	chr6	152287143	G	C	1.0000	18		NM_000125.3:c.1096+21500G>C	intron_variant	
ARID1B	chr6	157405930	G	A	1.0000	44	NM_001346813.1:c.2133G>A(p.(Ala711=))	NM_001346813.1:c.2133G>A	synonymous_variant	5/20
MAP3K4	chr6	161469774	G	A	1.0000	24	NM_005922.3:c.470=(p.(His157=))	NM_005922.3:c.470=	synonymous_variant	3/27
	chr6	165045290	C	T	1.0000	10				
CARD11	chr7	2946461	T	C	0.5571	70	NM_032415.5:c.3276A>G(p.(Arg1092=))	NM_032415.5:c.3276A>G	synonymous_variant	25/25
	chr7	4457003	C	T	0.5319	47				
PMS2	chr7	6036980	G	C	1.0000	32	NM_000535.6:c.780C>G(p.(Ser260=))	NM_000535.6:c.780C>G	synonymous_variant	7/15
ETV1	chr7	13931982	T	A	0.7143	14		NM_004956.4:c.*3509A>T	3_prime_UTR_variant	14/14
ETV1	chr7	13932064	T	C	0.5000	20		NM_004956.4:c.*3427A>G	3_prime_UTR_variant	14/14
ETV1	chr7	13932601	C	T	0.6667	21		NM_004956.4:c.*2890G>A	3_prime_UTR_variant	14/14
ETV1	chr7	13934358	A	T	0.6000	15		NM_004956.4:c.*1133T>A	3_prime_UTR_variant	14/14
ETV1	chr7	13934688	A	G	0.7000	10		NM_004956.4:c.*803T>C	3_prime_UTR_variant	14/14
ETV1	chr7	13935307	C	T	0.4348	23		NM_004956.4:c.*184G>A	3_prime_UTR_variant	14/14
ETV1	chr7	13948179	G	A	0.6400	25		NM_004956.4:c.940+1078C>T	intron_variant	
ETV1	chr7	13948719	T	C	0.5000	10		NM_004956.4:c.940+538A>G	intron_variant	
ETV1	chr7	13972307	C	T	0.5000	18		NM_004956.4:c.555-933G>A	intron_variant	
ETV1	chr7	13974461	C	T	0.4857	35		NM_004956.4:c.554+872G>A	intron_variant	
ETV1	chr7	13974563	G	A	0.5333	30		NM_004956.4:c.554+770C>T	intron_variant	
ETV1	chr7	13975769	A	G	0.5000	8		NM_004956.4:c.366-248T>C	intron_variant	
ETV1	chr7	13976833	T	G	0.6000	15		NM_004956.4:c.366-1312A>C	intron_variant	
ETV1	chr7	13978006	A	C	0.7143	7		NM_004956.4:c.365+736T>G	intron_variant	
ETV1	chr7	13978645	C	T	0.6923	13		NM_004956.4:c.365+97G>A	intron_variant	
ETV1	chr7	13978648	T	A	0.6000	15		NM_004956.4:c.365+94A>T	intron_variant	
ETV1	chr7	13978809	T	C	0.5833	24	NP_004947.2:p.(Ser100Gly)	NM_004956.4:c.298A>G	missense_variant	7/14
ETV1	chr7	13981263	A	G	0.5652	23		NM_004956.4:c.236-2392T>C	intron_variant	
ETV1	chr7	13981573	C	G	0.5000	14		NM_004956.4:c.236-2702G>C	intron_variant	
ETV1	chr7	13981582	G	C	0.5000	14		NM_004956.4:c.236-2711C>G	intron_variant	
ETV1	chr7	13982420	A	C	0.7500	4		NM_004956.4:c.236-3549T>G	intron_variant	
ETV1	chr7	13983369	T	A	1.0000	11		NM_004956.4:c.236-4498A>T	intron_variant	
ETV1	chr7	13983875	C	T	1.0000	33		NM_004956.4:c.236-5004G>A	intron_variant	
ETV1	chr7	13988247	G	C	1.0000	38		NM_004956.4:c.236-9376C>G	intron_variant	
ETV1	chr7	13990943	C	T	0.2963	27		NM_004956.4:c.236-12072G>A	intron_variant	
ETV1	chr7	13990992	A	G	0.4167	36		NM_004956.4:c.236-12121T>C	intron_variant	
ETV1	chr7	13991221	T	C	0.3913	23		NM_004956.4:c.236-12350A>G	intron_variant	
ETV1	chr7	13991464	G	A	0.7368	19		NM_004956.4:c.236-12593C>T	intron_variant	
ETV1	chr7	13991828	T	G	0.4516	31		NM_004956.4:c.236-12957A>C	intron_variant	
ETV1	chr7	13991853	C	G	1.0000	47		NM_004956.4:c.236-12982G>C	intron_variant	
ETV1	chr7	13992233	T	A	0.9730	37		NM_004956.4:c.236-13362A>T	intron_variant	
ETV1	chr7	13992460	A	G	1.0000	17		NM_004956.4:c.236-13589T>C	intron_variant	
ETV1	chr7	13994265	C	T	0.5000	16		NM_004956.4:c.236-15394G>A	intron_variant	
ETV1	chr7	13994383	C	T	0.4074	27		NM_004956.4:c.236-15512G>A	intron_variant	
ETV1	chr7	13995209	G	T	0.5500	20		NM_004956.4:c.236-16338C>A	intron_variant	
ETV1	chr7	13996902	G	A	0.4000	15		NM_004956.4:c.236-18031C>T	intron_variant	
ETV1	chr7	13997544	T	C	0.6071	28		NM_004956.4:c.236-18673A>G	intron_variant	
ETV1	chr7	13997931	C	T	0.4615	26		NM_004956.4:c.236-19060G>A	intron_variant	
ETV1	chr7	13998237	C	T	0.5682	44		NM_004956.4:c.235+18815G>A	intron_variant	
ETV1	chr7	13998572	A	G	0.5833	12		NM_004956.4:c.235+18480T>C	intron_variant	
ETV1	chr7	14000102	C	G	0.5333	15		NM_004956.4:c.235+16950G>C	intron_variant	
ETV1	chr7	14000816	A	G	0.7333	15		NM_004956.4:c.235+16236T>C	intron_variant	
ETV1	chr7	14001129	G	C	0.5455	11		NM_004956.4:c.235+15923C>G	intron_variant	
ETV1	chr7	14002043	C	T	0.3571	14		NM_004956.4:c.235+15009G>A	intron_variant	
ETV1	chr7	14002132	C	T	0.5385	13		NM_004956.4:c.235+14920G>A	intron_variant	
ETV1	chr7	14004079	C	T	0.4286	14		NM_004956.4:c.235+12973G>A	intron_variant	
ETV1	chr7	14004472	T	C	0.5385	13		NM_004956.4:c.235+12580A>G	intron_variant	
ETV1	chr7	14004670	C	T	0.4091	22		NM_004956.4:c.235+12382G>A	intron_variant	
ETV1	chr7	14004710	C	T	0.4286	28		NM_004956.4:c.235+12342G>A	intron_variant	
ETV1	chr7	14006229	G	T	0.5455	33		NM_004956.4:c.235+10823C>A	intron_variant	
ETV1	chr7	14007302	C	G	0.7000	10		NM_004956.4:c.235+9750G>C	intron_variant	
ETV1	chr7	14007665	T	C	0.5833	12		NM_004956.4:c.235+9387A>G	intron_variant	
ETV1	chr7	14008579	T	C	0.5625	16		NM_004956.4:c.235+8473A>G	intron_variant	
ETV1	chr7	14008626	C	T	0.6191	21		NM_004956.4:c.235+8426G>A	intron_variant	
ETV1	chr7	14008831	A	C	0.5652	23		NM_004956.4:c.235+8221T>G	intron_variant	
ETV1	chr7	14011048	T	G	0.6000	20		NM_004956.4:c.235+6004A>C	intron_variant	
ETV1	chr7	14011671	G	T	0.5000	20		NM_004956.4:c.235+5381C>A	intron_variant	
ETV1	chr7	14011710	G	A	0.5455	22		NM_004956.4:c.235+5342C>T	intron_variant	
ETV1	chr7	14012176	C	A	0.3846	13		NM_004956.4:c.235+4876G>T	intron_variant	
ETV1	chr7	14013219	A	G	0.6364	11		NM_004956.4:c.235+3833T>C	intron_variant	
ETV1	chr7	14013452	G	A	0.6667	12		NM_004956.4:c.235+3600C>T	intron_variant	
ETV1	chr7	14013604	C	T	0.6111	18		NM_004956.4:c.235+3448G>A	intron_variant	
ETV1	chr7	14016939	T	C	0.4000	20		NM_004956.4:c.235+113A>G	intron_variant	
ETV1	chr7	14017007	CC	TG	0.3077	13		NM_004956.4:c.235+44_235+45delinsCA	intron_variant	
ETV1	chr7	14017405	T	C	0.4828	29		NM_004956.4:c.182-300A>G	intron_variant	
ETV1	chr7	14019448	T	C	0.5500	20		NM_004956.4:c.182-2343A>G	intron_variant	
ETV1	chr7	14019540	G	T	0.5385	26		NM_004956.4:c.182-2435C>A	intron_variant	
ETV1	chr7	14021333	TT	GC	1.0000	11		NM_004956.4:c.182-4229_182-4228delinsGC	intron_variant	
ETV1	chr7	14021686	C	T	0.5000	8		NM_004956.4:c.181+4577G>A	intron_variant	
ETV1	chr7	14022522	A	G	0.7143	7		NM_004956.4:c.181+3741T>C	intron_variant	
ETV1	chr7	14023462	A	G	0.6364	11		NM_004956.4:c.181+2801T>C	intron_variant	
ETV1	chr7	14023807	C	G	1.0000	19		NM_004956.4:c.181+2456G>C	intron_variant	
ETV1	chr7	14024380	C	T	0.4546	11		NM_004956.4:c.181+1883G>A	intron_variant	
ETV1	chr7	14024396	A	T	0.4444	9		NM_004956.4:c.181+1867T>A	intron_variant	
ETV1	chr7	14024867	G	A	0.3125	16		NM_004956.4:c.181+1396C>T	intron_variant	
ETV1	chr7	14025317	A	G	0.7000	10		NM_004956.4:c.181+946T>C	intron_variant	
ETV1	chr7	14025369	T	C	0.8000	10		NM_004956.4:c.181+894A>G	intron_variant	
ETV1	chr7	14025411	T	G	0.6000	10		NM_004956.4:c.181+852A>C	intron_variant	
ETV1	chr7	14025474	A	G	0.8750	8		NM_004956.4:c.181+789T>C	intron_variant	
ETV1	chr7	14025727	C	T	0.3333	18		NM_004956.4:c.181+536G>A	intron_variant	
ETV1	chr7	14025766	T	A	0.3478	23		NM_004956.4:c.181+497A>T	intron_variant	
ETV1	chr7	14027991	T	C	0.5000	22		NM_004956.4:c.46-193A>G	intron_variant	
ETV1	chr7	14030304	C	G	0.3788	66			upstream_gene_variant	
INHBA	chr7	41735034	C	T	0.4286	35		NM_002192.3:c.388+4551G>A	intron_variant	
IKZF1	chr7	50467767	C	A	0.4423	52	NM_006060.5:c.1002C>A(p.(Pro334=))	NM_006060.5:c.1002C>A	synonymous_variant	8/8
EGFR	chr7	55221655	G	A	0.4355	62		NM_005228.4:c.748-49G>A	intron_variant	
EGFR	chr7	55229255	G	A	0.4058	69	NP_005219.2:p.(Arg521Lys)	NM_005228.4:c.1562G>A	missense_variant	13/28
EGFR	chr7	55236774	A	G	1.0000	44		NM_005228.4:c.1881-2094A>G	intron_variant	
EGFR	chr7	55237080	T	C	0.5714	14		NM_005228.4:c.1881-1788T>C	intron_variant	
EGFR	chr7	55238464	T	G	0.4833	60		NM_005228.4:c.1881-404T>G	intron_variant	
EGFR	chr7	55238874	T	A	0.5926	27	NM_005228.4:c.1887T>A(p.(Thr629=))	NM_005228.4:c.1887T>A	synonymous_variant	16/28
EGFR	chr7	55242609	A	G	0.5192	52		NM_005228.4:c.2283+96A>G	intron_variant	
EGFR	chr7	55242782	T	C	1.0000	48		NM_005228.4:c.2283+269T>C	intron_variant	
EGFR	chr7	55243809	C	T	0.5556	27		NM_005228.4:c.2283+1296C>T	intron_variant	
EGFR	chr7	55244414	G	A	0.3846	26		NM_005228.4:c.2283+1901G>A	intron_variant	
EGFR	chr7	55245507	A	G	1.0000	81		NM_005228.4:c.2283+2994A>G	intron_variant	
EGFR	chr7	55245647	T	C	0.4058	69		NM_005228.4:c.2283+3134T>C	intron_variant	
EGFR	chr7	55245717	G	A	0.5417	48		NM_005228.4:c.2283+3204G>A	intron_variant	
EGFR	chr7	55246220	G	A	0.5082	61		NM_005228.4:c.2284-2766G>A	intron_variant	
EGFR	chr7	55246664	G	C	0.6667	48		NM_005228.4:c.2284-2322G>C	intron_variant	
EGFR	chr7	55247334	C	T	1.0000	69		NM_005228.4:c.2284-1652C>T	intron_variant	
EGFR	chr7	55247429	G	A	0.3514	37		NM_005228.4:c.2284-1557G>A	intron_variant	
EGFR	chr7	55247429	G	T	0.6487	37		NM_005228.4:c.2284-1557G>T	intron_variant	
EGFR	chr7	55247532	C	T	1.0000	27		NM_005228.4:c.2284-1454C>T	intron_variant	
EGFR	chr7	55247588	G	A	0.4865	37		NM_005228.4:c.2284-1398G>A	intron_variant	
EGFR	chr7	55247960	C	T	0.3333	33		NM_005228.4:c.2284-1026C>T	intron_variant	
EGFR	chr7	55266417	T	C	1.0000	44	NM_005228.4:c.2709T>C(p.(Thr903=))	NM_005228.4:c.2709T>C	synonymous_variant	23/28
EGFR	chr7	55268916	C	T	0.4898	49	NM_005228.4:c.2982C>T(p.(Asp994=))	NM_005228.4:c.2982C>T	synonymous_variant	25/28
MAGI2	chr7	77756580	T	C	1.0000	79	NM_012301.3:c.3357A>G(p.(Leu1119=))	NM_012301.3:c.3357A>G	synonymous_variant	19/22
MAGI2	chr7	77756724	C	T	1.0000	75	NM_012301.3:c.3213G>A(p.(Ser1071=))	NM_012301.3:c.3213G>A	synonymous_variant	19/22
CDK6	chr7	92277315	G	A	0.6216	37		NM_001145306.1:c.647+23425C>T	intron_variant	
CUX1	chr7	101755060	A	G	0.5738	61		NM_181552.3:c.607+6A>G	splice_region_variant:intron_variant	
CUX1	chr7	101837149	G	A	0.4186	43	NM_181552.3:c.1104G>A(p.(Pro368=))	NM_181552.3:c.1104G>A	synonymous_variant	13/24
CUX1	chr7	101844851	A	G	0.4915	59	NM_181552.3:c.2274A>G(p.(Pro758=))	NM_181552.3:c.2274A>G	synonymous_variant	18/24
CUX1	chr7	101892328	C	T	0.6216	37		NM_181552.3:c.*6C>T	3_prime_UTR_variant	24/24
	chr7	101916647	A	G	1.0000	94				
	chr7	101917521	G	A	1.0000	75				
PIK3CG	chr7	106508057	C	T	0.4630	54	NM_001282426.1:c.51C>T(p.(Cys17=))	NM_001282426.1:c.51C>T	synonymous_variant	2/11
PIK3CG	chr7	106508978	A	G	1.0000	81	NM_001282426.1:c.972A>G(p.(Pro324=))	NM_001282426.1:c.972A>G	synonymous_variant	2/11
PIK3CG	chr7	106508987	T	C	1.0000	78	NM_001282426.1:c.981T>C(p.(Asp327=))	NM_001282426.1:c.981T>C	synonymous_variant	2/11
MET	chr7	116339282	G	A	0.3778	45	NM_001127500.2:c.144G>A(p.(Ala48=))	NM_001127500.2:c.144G>A	synonymous_variant	2/21
MET	chr7	116435768	C	T	0.4546	44	NM_001127500.2:c.3912C>T(p.(Asp1304=))	NM_001127500.2:c.3912C>T	synonymous_variant	20/21
MET	chr7	116436022	G	A	0.3684	38	NM_001127500.2:c.4071G>A(p.(Ala1357=))	NM_001127500.2:c.4071G>A	synonymous_variant	21/21
MET	chr7	116436097	G	A	0.4390	41	NM_001127500.2:c.4146G>A(p.(Pro1382=))	NM_001127500.2:c.4146G>A	synonymous_variant	21/21
SMO	chr7	128846328	G	C	1.0000	87	NM_005631.4:c.1164G>C(p.(Gly388=))	NM_005631.4:c.1164G>C	synonymous_variant	6/12
	chr7	137029838	T	C	0.4000	20				
BRAF	chr7	140449150	T	C	0.5909	22	NM_004333.4:c.1929A>G(p.(Gly643=))	NM_004333.4:c.1929A>G	synonymous_variant	16/18
BRAF	chr7	140452363	C	G	0.4839	31		NM_004333.4:c.1860+712G>C	intron_variant	
BRAF	chr7	140491258	C	T	0.5294	34		NM_004333.4:c.1140+2850G>A	intron_variant	
BRAF	chr7	140491678	G	A	0.5500	20		NM_004333.4:c.1140+2430C>T	intron_variant	
BRAF	chr7	140492411	T	C	0.4242	33		NM_004333.4:c.1140+1697A>G	intron_variant	
BRAF	chr7	140493029	A	G	0.5429	35		NM_004333.4:c.1140+1079T>C	intron_variant	
BRAF	chr7	140565218	T	C	0.7778	27		NM_004333.4:c.139-15206A>G	intron_variant	
BRAF	chr7	140618013	G	A	0.4444	27		NM_004333.4:c.138+6353C>T	intron_variant	
	chr8	1375610	G	A	1.0000	3				
GATA4	chr8	11614575	A	G	0.2340	47	NP_001295022.1:p.(Ser378Gly)	NM_001308093.1:c.1132A>G	missense_variant	5/6
	chr8	28411072	T	C	1.0000	27				
	chr8	31721207	C	T	1.0000	30				
	chr8	32405979	T	C	1.0000	36				
NRG1	chr8	32613983	T	C	0.7308	26	NP_001309134.1:p.(Met349Thr)	NM_001322205.1:c.1046T>C	missense_variant	6/9
ADGRA2	chr8	37699516	C	T	0.6539	26	NM_032777.9:c.3660C>T(p.(Gly1220=))	NM_032777.9:c.3660C>T	synonymous_variant	19/19
FGFR1	chr8	38281658	G	A	0.3721	43		NM_023110.2:c.936+369C>T	intron_variant	
FGFR1	chr8	38284011	C	T	0.2500	44		NM_023110.2:c.622-248G>A	intron_variant	
KAT6A	chr8	41791283	G	A	0.4902	51	NM_006766.4:c.4455C>T(p.(Ser1485=))	NM_006766.4:c.4455C>T	synonymous_variant	17/17
KAT6A	chr8	41798417	C	T	0.2143	42	NM_006766.4:c.2982G>A(p.(Pro994=))	NM_006766.4:c.2982G>A	synonymous_variant	15/17
KAT6A	chr8	41906095	A	G	0.3000	40	NP_006757.2:p.(Leu134Ser)	NM_006766.4:c.401T>C	missense_variant	2/17
PRKDC	chr8	48710955	A	G	0.7500	16	NP_008835.5:p.(Ile3434Thr)	NM_006904.6:c.10301T>C	missense_variant	73/86
LYN	chr8	56866452	G	A	0.5111	45	NM_002350.3:c.699G>A(p.(Lys233=))	NM_002350.3:c.699G>A	synonymous_variant	8/13
PREX2	chr8	69020496	T	C	1.0000	28	NM_024870.3:c.2868T>C(p.(Ser956=))	NM_024870.3:c.2868T>C	synonymous_variant	24/40
PREX2	chr8	69143589	A	G	0.7222	18	NM_024870.3:c.4797A>G(p.(Pro1599=))	NM_024870.3:c.4797A>G	synonymous_variant	40/40
RAD21	chr8	117864217	A	G	0.7037	27	NM_006265.2:c.1440T>C(p.(Ala480=))	NM_006265.2:c.1440T>C	synonymous_variant	11/14
MYC	chr8	128757577	T	A	1.0000	34			downstream_gene_variant	
	chr8	139399116	C	T	0.2333	30				
	chr8	144656754	T	C	0.1759	108				
	chr8	144656765	G	A	0.1724	116				
RECQL4	chr8	145737636	A	G	1.0000	129	NM_004260.3:c.3127=(p.(Leu1043=))	NM_004260.3:c.3127=	synonymous_variant	18/21
RECQL4	chr8	145737816	C	T	0.8611	108	NP_004251.3:p.(Arg1005Gln)	NM_004260.3:c.3014G>A	missense_variant	17/21
RECQL4	chr8	145741765	G	A	0.8442	77	NM_004260.3:c.738C>T(p.(Ser246=))	NM_004260.3:c.738C>T	synonymous_variant	5/21
RECQL4	chr8	145742514	A	G	1.0000	100	NM_004260.3:c.274=(p.(Pro92=))	NM_004260.3:c.274=	synonymous_variant	4/21
RECQL4	chr8	145742879	T	C	0.8000	50	NM_004260.3:c.132A>G(p.(Glu44=))	NM_004260.3:c.132A>G	synonymous_variant	3/21
PDCD1LG2	chr9	5557672	T	C	0.9500	40	NP_079515.2:p.(Phe229Ser)	NM_025239.3:c.686T>C	missense_variant	5/7
PTPRD	chr9	8485834	G	A	0.9714	35	NP_002830.1:p.(Arg995Cys)	NM_002839.3:c.2983C>T	missense_variant	28/46
CDKN2A	chr9	21975017	C	T	1.0000	65		NM_000077.4:c.-191G>A	5_prime_UTR_variant	1/3
	chr9	27985938	C	T	1.0000	18				
PAX5	chr9	36840623	G	A	1.0000	69	NM_016734.2:c.1110C>T(p.(Tyr370=))	NM_016734.2:c.1110C>T	synonymous_variant	10/10
NTRK2	chr9	87283416	C	A	1.0000	51		NM_006180.4:c.-988C>A	5_prime_UTR_variant	1/21
NTRK2	chr9	87285595	C	G	1.0000	73		NM_006180.4:c.-69C>G	5_prime_UTR_variant	4/21
NTRK2	chr9	87358664	T	C	1.0000	10		NM_006180.4:c.1196-1224T>C	intron_variant	
NTRK2	chr9	87425973	G	A	1.0000	6		NM_006180.4:c.1397-49982G>A	intron_variant	
NTRK2	chr9	87428866	C	T	1.0000	47		NM_006180.4:c.1397-47089C>T	intron_variant	
NTRK2	chr9	87429290	A	G	1.0000	42		NM_006180.4:c.1397-46665A>G	intron_variant	
NTRK2	chr9	87478172	T	G	1.0000	28		NM_006180.4:c.1444+2170T>G	intron_variant	
NTRK2	chr9	87479105	G	A	1.0000	40		NM_006180.4:c.1445-3053G>A	intron_variant	
NTRK2	chr9	87479258	G	A	1.0000	19		NM_006180.4:c.1445-2900G>A	intron_variant	
NTRK2	chr9	87491253	C	T	1.0000	31		NM_006180.4:c.1633+8907C>T	intron_variant	
NTRK2	chr9	87637578	G	A	1.0000	32		NM_006180.4:c.*1226G>A	3_prime_UTR_variant	21/21
ABL1	chr9	133761001	A	G	1.0000	45	NM_007313.2:c.3381A>G(p.(Pro1127=))	NM_007313.2:c.3381A>G	synonymous_variant	11/11
TSC1	chr9	135782221	T	C	1.0000	32	NM_000368.4:c.1335A>G(p.(Glu445=))	NM_000368.4:c.1335A>G	splice_region_variant:synonymous_variant	14/23
TSC1	chr9	135786904	A	G	1.0000	34	NP_000359.1:p.(Met322Thr)	NM_000368.4:c.965T>C	missense_variant	10/23
NOTCH1	chr9	139391636	G	A	1.0000	88	NM_017617.4:c.6555C>T(p.(Asp2185=))	NM_017617.4:c.6555C>T	synonymous_variant	34/34
NOTCH1	chr9	139397707	G	A	1.0000	77	NM_017617.4:c.5094C>T(p.(Asp1698=))	NM_017617.4:c.5094C>T	synonymous_variant	27/34
NOTCH1	chr9	139407932	A	G	1.0000	59	NM_017617.4:c.2265T>C(p.(Asn755=))	NM_017617.4:c.2265T>C	synonymous_variant	14/34
NOTCH1	chr9	139418260	A	G	0.9849	66	NM_017617.4:c.312T>C(p.(Asn104=))	NM_017617.4:c.312T>C	synonymous_variant	3/34
	chr10	2406631	T	C	1.0000	9				
	chr10	3374178	C	T	0.4844	64				
GATA3	chr10	8115908	G	A	0.5821	67	NM_001002295.1:c.1257G>A(p.(Thr419=))	NM_001002295.1:c.1257G>A	synonymous_variant	6/6
ANKRD26	chr10	27389197	T	C	1.0000	49	NP_055730.2:p.(Gln20Arg)	NM_014915.2:c.59A>G	missense_variant	1/34
KIF5B	chr10	32345345	T	C	1.0000	27		NM_004521.2:c.-444A>G	5_prime_UTR_variant	1/26
RET	chr10	43576910	G	T	1.0000	60		NM_020975.4:c.73+4131G>T	intron_variant	
RET	chr10	43577026	G	C	1.0000	57		NM_020975.4:c.73+4247G>C	intron_variant	
RET	chr10	43595968	A	G	1.0000	48	NM_020975.4:c.135=(p.(Ala45=))	NM_020975.4:c.135=	synonymous_variant	2/20
RET	chr10	43607756	G	A	1.0000	57		NM_020975.4:c.1648+84G>A	intron_variant	
RET	chr10	43610119	G	A	0.7000	60	NP_066124.1:p.(Gly691Ser)	NM_020975.4:c.2071G>A	missense_variant	11/20
RET	chr10	43610366	G	A	1.0000	75		NM_020975.4:c.2136+182G>A	intron_variant	
RET	chr10	43610455	T	C	1.0000	84		NM_020975.4:c.2136+271T>C	intron_variant	
RET	chr10	43610558	C	T	1.0000	70		NM_020975.4:c.2136+374C>T	intron_variant	
RET	chr10	43610671	G	T	0.7333	45		NM_020975.4:c.2136+487G>T	intron_variant	
RET	chr10	43611708	A	G	1.0000	71		NM_020975.4:c.2137-324A>G	intron_variant	
RET	chr10	43611865	T	C	0.1818	66		NM_020975.4:c.2137-167T>C	intron_variant	
RET	chr10	43612609	C	T	1.0000	62		NM_020975.4:c.2284+430C>T	intron_variant	
RET	chr10	43613843	G	T	1.0000	72	NM_020975.4:c.2307=(p.(Leu769=))	NM_020975.4:c.2307=	synonymous_variant	13/20
RET	chr10	43615633	C	G	0.6923	39	NM_020975.4:c.2712C>G(p.(Ser904=))	NM_020975.4:c.2712C>G	synonymous_variant	15/20
RET	chr10	43622217	T	C	1.0000	37		NM_020975.4:c.3187+47T>C	intron_variant	
RET	chr10	43622368	T	A	1.0000	21		NM_020975.4:c.3187+198T>A	intron_variant	
RET	chr10	43622933	T	C	1.0000	17		NM_020975.4:c.3188-627T>C	intron_variant	
TET1	chr10	70332580	A	G	1.0000	42	NP_085128.2:p.(Asp162Gly)	NM_030625.2:c.485A>G	missense_variant	2/12
TET1	chr10	70405855	A	G	1.0000	23	NP_085128.2:p.(Ile1123Met)	NM_030625.2:c.3369A>G	missense_variant	4/12
SMC3	chr10	112361870	A	G	1.0000	18	NM_005445.3:c.3039A>G(p.(Ser1013=))	NM_005445.3:c.3039A>G	synonymous_variant	25/29
	chr10	118506899	G	A	1.0000	37				
FGFR2	chr10	123239112	G	A	1.0000	25		NM_022970.3:c.*259C>T	3_prime_UTR_variant	18/18
FGFR2	chr10	123240287	T	C	1.0000	23		NM_022970.3:c.2305-752A>G	intron_variant	
FGFR2	chr10	123242026	T	C	1.0000	4		NM_022970.3:c.2304+1186A>G	intron_variant	
FGFR2	chr10	123242724	T	C	1.0000	15		NM_022970.3:c.2304+488A>G	intron_variant	
FGFR2	chr10	123262708	G	A	1.0000	36		NM_022970.3:c.1442+596C>T	intron_variant	
FGFR2	chr10	123280915	T	C	1.0000	23		NM_022970.3:c.749-1232A>G	intron_variant	
HRAS	chr11	534242	A	G	1.0000	42	NM_005343.3:c.81T>C(p.(His27=))	NM_005343.3:c.81T>C	synonymous_variant	2/6
	chr11	5709028	C	T	1.0000	29				
LMO1	chr11	8251921	G	C	0.4179	67	NM_002315.2:c.156C>G(p.(Ala52=))	NM_002315.2:c.156C>G	synonymous_variant	2/4
	chr11	11096221	C	T	1.0000	55				
WT1	chr11	32456694	C	A	0.5000	22	NM_024426.4:c.198G>T(p.(Pro66=))	NM_024426.4:c.198G>T	synonymous_variant	1/10
RPS6KA4	chr11	64127744	A	G	1.0000	79	NM_003942.2:c.237A>G(p.(Gln79=))	NM_003942.2:c.237A>G	synonymous_variant	3/17
RPS6KA4	chr11	64138805	T	C	0.3958	48	NM_003942.2:c.2172T>C(p.(Asn724=))	NM_003942.2:c.2172T>C	synonymous_variant	17/17
MEN1	chr11	64572018	T	C	1.0000	74	NM_000244.3:c.1636=(p.(Ala546=))	NM_000244.3:c.1636=	synonymous_variant	10/10
MEN1	chr11	64572557	A	G	1.0000	86	NM_000244.3:c.1314=(p.(His438=))	NM_000244.3:c.1314=	synonymous_variant	9/10
MEN1	chr11	64572602	G	A	1.0000	75	NM_000244.3:c.1269C>T(p.(Asp423=))	NM_000244.3:c.1269C>T	synonymous_variant	9/10
CCND1	chr11	69462910	G	A	0.5357	56	NM_053056.2:c.723G>A(p.(Pro241=))	NM_053056.2:c.723G>A	splice_region_variant:synonymous_variant	4/5
CCND1	chr11	69466737	C	G	0.5714	42		NM_053056.2:c.*687C>G	3_prime_UTR_variant	5/5
CCND1	chr11	69468705	C	T	0.5455	22		NM_053056.2:c.*2655C>T	3_prime_UTR_variant	5/5
FGF19	chr11	69523592	A	G	1.0000	45			upstream_gene_variant	
FGF4	chr11	69584435	C	T	1.0000	28			downstream_gene_variant	
FGF4	chr11	69589308	A	G	0.5000	30		NM_002007.2:c.340+205T>C	intron_variant	
FGF4	chr11	69592140	A	T	1.0000	77			upstream_gene_variant	
FGF4	chr11	69592814	A	G	1.0000	23			upstream_gene_variant	
FGF3	chr11	69625730	G	A	0.5349	86		NM_005247.2:c.325-262C>T	intron_variant	
FGF3	chr11	69626472	A	G	0.4167	60		NM_005247.2:c.325-1004T>C	intron_variant	
FGF3	chr11	69627008	C	G	0.4182	55		NM_005247.2:c.325-1540G>C	intron_variant	
FGF3	chr11	69627015	A	G	0.4600	50		NM_005247.2:c.325-1547T>C	intron_variant	
FGF3	chr11	69635422	C	T	0.4865	74			upstream_gene_variant	
PAK1	chr11	77050714	A	C	0.5790	19		NM_001128620.1:c.1116+977T>G	intron_variant	
PAK1	chr11	77052071	T	C	0.6111	18		NM_001128620.1:c.999-263A>G	intron_variant	
PAK1	chr11	77072290	A	G	1.0000	42		NM_001128620.1:c.478-2228T>C	intron_variant	
PAK1	chr11	77126820	C	T	0.5000	8		NM_001128620.1:c.-21-23234G>A	intron_variant	
PAK1	chr11	77133777	C	G	0.4286	21		NM_001128620.1:c.-21-30191G>C	intron_variant	
EED	chr11	85968623	C	T	1.0000	8	NM_001308007.1:c.619C>T(p.(Leu207=))	NM_001308007.1:c.619C>T	synonymous_variant	6/13
PGR	chr11	100998623	G	A	0.7419	62	NM_000926.4:c.1179C>T(p.(Gly393=))	NM_000926.4:c.1179C>T	synonymous_variant	1/8
ATM	chr11	108183167	A	G	1.0000	17	NM_000051.3:c.5948=(p.(Ser1983=))	NM_000051.3:c.5948=	synonymous_variant	40/63
SDHD	chr11	111963860	A	G	1.0000	15		NM_003002.3:c.315-1669A>G	intron_variant	
CHEK1	chr11	125525195	A	G	1.0000	31	NP_001317356.1:p.(Ile487Val)	NM_001330427.1:c.1459A>G	missense_variant	12/13
ETS1	chr11	128330520	T	C	0.5641	39		NM_001143820.1:c.*1736A>G	3_prime_UTR_variant	10/10
ETS1	chr11	128333503	T	C	0.6111	36	NM_001143820.1:c.1143A>G(p.(Leu381=))	NM_001143820.1:c.1143A>G	synonymous_variant	9/10
FLI1	chr11	128675292	T	A	0.6000	30	NM_002017.4:c.687T>A(p.(Ala229=))	NM_002017.4:c.687T>A	synonymous_variant	6/9
FLI1	chr11	128682606	G	T	0.4694	49		NM_002017.4:c.*1723G>T	3_prime_UTR_variant	9/9
	chr11	134667546	A	T	0.5405	37				
	chr12	888320	G	A	1.0000	10				
CCND2	chr12	4388084	C	G	1.0000	46	NM_001759.3:c.570C>G(p.(Thr190=))	NM_001759.3:c.570C>G	splice_region_variant:synonymous_variant	3/5
FGF23	chr12	4482973	T	C	1.0000	32		NM_020638.2:c.212-1110A>G	intron_variant	
FGF6	chr12	4539870	G	A	1.0000	30			downstream_gene_variant	
FGF6	chr12	4553332	A	G	1.0000	40	NM_020996.2:c.417T>C(p.(Val139=))	NM_020996.2:c.417T>C	synonymous_variant	2/3
FGF6	chr12	4553383	A	G	1.0000	49	NM_020996.2:c.366T>C(p.(Thr122=))	NM_020996.2:c.366T>C	synonymous_variant	2/3
FGF6	chr12	4553669	T	C	1.0000	37		NM_020996.2:c.347-267A>G	intron_variant	
FGF6	chr12	4554413	C	T	1.0000	64	NM_020996.2:c.324G>A(p.(Gly108=))	NM_020996.2:c.324G>A	synonymous_variant	1/3
FGF6	chr12	4554630	A	G	1.0000	82	NP_066276.2:p.(Val36Ala)	NM_020996.2:c.107T>C	missense_variant	1/3
ETV6	chr12	12010736	C	T	1.0000	53		NM_001987.4:c.463+4241C>T	intron_variant	
ETV6	chr12	12011520	G	A	1.0000	61		NM_001987.4:c.463+5025G>A	intron_variant	
ETV6	chr12	12011772	A	G	0.9762	42		NM_001987.4:c.463+5277A>G	intron_variant	
ETV6	chr12	12012681	T	C	1.0000	35		NM_001987.4:c.463+6186T>C	intron_variant	
ETV6	chr12	12012801	A	G	1.0000	42		NM_001987.4:c.463+6306A>G	intron_variant	
ETV6	chr12	12013189	A	G	1.0000	56		NM_001987.4:c.463+6694A>G	intron_variant	
ETV6	chr12	12013292	G	A	1.0000	61		NM_001987.4:c.463+6797G>A	intron_variant	
ETV6	chr12	12013572	G	A	1.0000	23		NM_001987.4:c.463+7077G>A	intron_variant	
ETV6	chr12	12013985	C	A	1.0000	60		NM_001987.4:c.463+7490C>A	intron_variant	
ETV6	chr12	12014424	G	A	1.0000	49		NM_001987.4:c.463+7929G>A	intron_variant	
ETV6	chr12	12015401	G	A	1.0000	62		NM_001987.4:c.464-6957G>A	intron_variant	
ETV6	chr12	12016008	G	A	1.0000	59		NM_001987.4:c.464-6350G>A	intron_variant	
ETV6	chr12	12016045	C	T	1.0000	46		NM_001987.4:c.464-6313C>T	intron_variant	
ETV6	chr12	12017285	T	C	1.0000	33		NM_001987.4:c.464-5073T>C	intron_variant	
ETV6	chr12	12018042	A	G	1.0000	3		NM_001987.4:c.464-4316A>G	intron_variant	
ETV6	chr12	12020114	C	T	1.0000	15		NM_001987.4:c.464-2244C>T	intron_variant	
ETV6	chr12	12020170	C	T	1.0000	23		NM_001987.4:c.464-2188C>T	intron_variant	
ETV6	chr12	12021657	T	C	1.0000	21		NM_001987.4:c.464-701T>C	intron_variant	
ETV6	chr12	12022098	A	T	1.0000	7		NM_001987.4:c.464-260A>T	intron_variant	
CDKN1B	chr12	12871099	T	G	1.0000	73	NP_004055.1:p.(Val109Gly)	NM_004064.4:c.326T>G	missense_variant	1/3
KRAS	chr12	25364978	T	C	1.0000	14		NM_033360.3:c.*5-2133A>G	intron_variant	
KRAS	chr12	25368462	C	T	1.0000	21	NM_033360.3:c.483G>A(p.(Arg161=))	NM_033360.3:c.483G>A	synonymous_variant	5/6
KRAS	chr12	25370249	T	G	1.0000	13		NM_033360.3:c.451-1755A>C	intron_variant	
KRAS	chr12	25371462	C	T	1.0000	20		NM_033360.3:c.451-2968G>A	intron_variant	
KRAS	chr12	25374197	C	T	1.0000	19		NM_033360.3:c.450+4351G>A	intron_variant	
KRAS	chr12	25389507	A	G	1.0000	38		NM_033360.3:c.111+8701T>C	intron_variant	
KRAS	chr12	25400962	G	C	1.0000	13		NM_033360.3:c.-11-2633C>G	intron_variant	
NAB2	chr12	57485028	C	T	1.0000	46	NM_005967.3:c.204C>T(p.(Asp68=))	NM_005967.3:c.204C>T	synonymous_variant	2/7
NAB2	chr12	57486033	A	C	1.0000	49		NM_005967.3:c.958-198A>C	intron_variant	
NAB2	chr12	57486647	A	G	0.9615	52		NM_005967.3:c.1092-53A>G	intron_variant	
NAB2	chr12	57487814	A	C	1.0000	51		NM_005967.3:c.1468+433A>C	intron_variant	
CDK4	chr12	58142854	C	A	1.0000	36		NM_000075.3:c.819+111G>T	intron_variant	
MDM2	chr12	69214691	G	A	1.0000	11		NM_002392.5:c.358+537G>A	intron_variant	
MDM2	chr12	69215795	T	C	1.0000	24		NM_002392.5:c.358+1641T>C	intron_variant	
MDM2	chr12	69231980	G	A	1.0000	16		NM_002392.5:c.919-1074G>A	intron_variant	
FRS2	chr12	69967862	G	A	1.0000	22	NM_006654.4:c.654G>A(p.(Ala218=))	NM_006654.4:c.654G>A	synonymous_variant	10/10
HNF1A	chr12	121437114	G	A	0.9818	55	NM_000545.6:c.1545G>A(p.(Thr515=))	NM_000545.6:c.1545G>A	synonymous_variant	8/10
HNF1A	chr12	121437382	A	G	1.0000	39	NM_000545.6:c.1720=(p.(Gly574=))	NM_000545.6:c.1720=	synonymous_variant	9/10
POLE	chr12	133208979	T	C	1.0000	39	NM_006231.3:c.6252A>G(p.(Ser2084=))	NM_006231.3:c.6252A>G	synonymous_variant	45/49
POLE	chr12	133219831	T	C	1.0000	27	NM_006231.3:c.4530A>G(p.(Ala1510=))	NM_006231.3:c.4530A>G	synonymous_variant	35/49
POLE	chr12	133236000	C	T	1.0000	34	NM_006231.3:c.3156G>A(p.(Thr1052=))	NM_006231.3:c.3156G>A	synonymous_variant	26/49
LATS2	chr13	21562832	C	T	1.0000	47	NP_055387.2:p.(Gly363Ser)	NM_014572.2:c.1087G>A	missense_variant	4/8
LATS2	chr13	21562948	G	A	1.0000	60	NP_055387.2:p.(Ala324Val)	NM_014572.2:c.971C>T	missense_variant	4/8
LATS2	chr13	21620085	T	C	1.0000	41	NM_014572.2:c.81A>G(p.(Lys27=))	NM_014572.2:c.81A>G	synonymous_variant	2/8
FGF9	chr13	22267137	C	A	1.0000	19		NM_002010.2:c.382-8192C>A	intron_variant	
FGF9	chr13	22273290	C	T	1.0000	50		NM_002010.2:c.382-2039C>T	intron_variant	
FGF9	chr13	22274316	G	C	1.0000	28		NM_002010.2:c.382-1013G>C	intron_variant	
FGF9	chr13	22275394	A	G	1.0000	34	NM_002010.2:c.447A>G(p.(Ser149=))	NM_002010.2:c.447A>G	synonymous_variant	3/3
	chr13	22374700	G	A	1.0000	23				
FLT3	chr13	28624294	G	A	1.0000	28	NP_004110.2:p.(Thr227Met)	NM_004119.2:c.680C>T	missense_variant	6/24
FLT3	chr13	28636084	G	A	1.0000	35	NM_004119.2:c.288C>T(p.(Asp96=))	NM_004119.2:c.288C>T	synonymous_variant	3/24
FLT1	chr13	28942450	T	C	1.0000	7		NM_002019.4:c.2117-10628A>G	intron_variant	
FLT1	chr13	28961839	C	T	1.0000	21		NM_002019.4:c.1969+2094G>A	intron_variant	
FLT1	chr13	28962686	T	C	1.0000	9		NM_002019.4:c.1969+1247A>G	intron_variant	
FLT1	chr13	28963676	G	A	1.0000	42		NM_002019.4:c.1969+257C>T	intron_variant	
BRCA2	chr13	32913055	A	G	1.0000	34	NM_000059.3:c.4563A>G(p.(Leu1521=))	NM_000059.3:c.4563A>G	synonymous_variant	11/27
BRCA2	chr13	32915005	G	C	1.0000	19	NM_000059.3:c.6513G>C(p.(Val2171=))	NM_000059.3:c.6513G>C	synonymous_variant	11/27
BRCA2	chr13	32929387	T	C	1.0000	16	NM_000059.3:c.7397=(p.(Ala2466=))	NM_000059.3:c.7397=	synonymous_variant	14/27
FOXO1	chr13	41134629	G	A	0.9787	47	NM_002015.3:c.999C>T(p.(Thr333=))	NM_002015.3:c.999C>T	synonymous_variant	2/3
	chr13	100038233	A	G	1.0000	68				
FGF14	chr13	102382362	C	A	0.8261	23		NM_175929.2:c.424-3202G>T	intron_variant	
FGF14	chr13	102935730	A	G	1.0000	25		NM_175929.2:c.208+118091T>C	intron_variant	
FGF14	chr13	102948149	C	T	1.0000	32		NM_175929.2:c.208+105672G>A	intron_variant	
ERCC5	chr13	103504517	T	C	1.0000	28	NM_000123.3:c.138T>C(p.(His46=))	NM_000123.3:c.138T>C	synonymous_variant	2/15
ERCC5	chr13	103515085	G	C	0.8367	49	NP_000114.2:p.(Cys529Ser)	NM_000123.3:c.1586G>C	missense_variant	8/15
ERCC5	chr13	103527930	G	C	1.0000	44	NM_000123.3:c.3238=(p.(Arg1080=))	NM_000123.3:c.3238=	synonymous_variant	15/15
ERCC5	chr13	103528002	G	C	0.8649	37	NP_000114.2:p.(Asp1104His)	NM_000123.3:c.3310G>C	missense_variant	15/15
BCL2L2	chr14	23777374	A	G	1.0000	39	NM_004050.4:c.398=(p.(Arg133=))	NM_004050.4:c.398=	synonymous_variant	3/4
	chr14	25850832	T	A	1.0000	20				
TSHR	chr14	81610583	G	C	1.0000	43	NP_000360.2:p.(Glu727Asp)	NM_000369.2:c.2181G>C	missense_variant	10/10
	chr14	98845531	C	T	1.0000	41				
HSP90AA1	chr14	102550803	G	A	1.0000	14	NM_001017963.2:c.1446C>T(p.(Asn482=))	NM_001017963.2:c.1446C>T	synonymous_variant	7/12
HSP90AA1	chr14	102568296	G	A	1.0000	52	NM_001017963.2:c.282C>T(p.(Thr94=))	NM_001017963.2:c.282C>T	synonymous_variant	2/12
HSP90AA1	chr14	102568367	T	A	1.0000	53	NP_001017963.2:p.(Met71Leu)	NM_001017963.2:c.211A>T	missense_variant	2/12
GREM1	chr15	33023486	C	A	1.0000	25		NM_013372.6:c.*40C>A	3_prime_UTR_variant	2/2
NUTM1	chr15	34638544	G	A	1.0000	29		NM_001284292.1:c.100+308G>A	intron_variant	
NUTM1	chr15	34640218	C	T	1.0000	41	NM_001284292.1:c.149=(p.(Leu50=))	NM_001284292.1:c.149=	synonymous_variant	3/8
NUTM1	chr15	34648935	G	T	1.0000	32	NP_001271221.1:p.(Ser909Ile)	NM_001284292.1:c.2726G>T	missense_variant	8/8
NUTM1	chr15	34649631	G	A	1.0000	46	NP_001271221.1:p.(Arg1141His)	NM_001284292.1:c.3422G>A	missense_variant	8/8
	chr15	39313402	C	G	1.0000	35				
MGA	chr15	41991315	A	T	1.0000	16	NP_001157745.1:p.(Thr716Ser)	NM_001164273.1:c.2146A>T	missense_variant	5/24
MGA	chr15	42021512	T	C	1.0000	21	NP_001157745.1:p.(Cys1270Arg)	NM_001164273.1:c.3808T>C	missense_variant	11/24
MGA	chr15	42026764	C	T	1.0000	14	NM_001164273.1:c.3888C>T(p.(Asp1296=))	NM_001164273.1:c.3888C>T	synonymous_variant	12/24
FGF7	chr15	49719953	A	C	1.0000	22		NM_002009.3:c.286+3173A>C	intron_variant	
	chr15	55210705	C	T	1.0000	12				
SMAD3	chr15	67457335	A	G	1.0000	56	NM_005902.3:c.309A>G(p.(Leu103=))	NM_005902.3:c.309A>G	synonymous_variant	2/9
CD276	chr15	73994806	C	T	1.0000	56	NP_001019907.1:p.(Pro97Leu)	NM_001024736.1:c.290C>T	missense_variant	3/10
CD276	chr15	73994847	C	A	1.0000	46	NP_001019907.1:p.(Arg111Ser)	NM_001024736.1:c.331C>A	missense_variant	3/10
CD276	chr15	73995173	C	T	1.0000	29	NP_001019907.1:p.(Thr160Met)	NM_001024736.1:c.479C>T	missense_variant	4/10
CD276	chr15	73996066	G	A	1.0000	53	NP_001019907.1:p.(Arg267His)	NM_001024736.1:c.800G>A	missense_variant	5/10
CD276	chr15	73996101	G	A	1.0000	62	NP_001019907.1:p.(Ala279Thr)	NM_001024736.1:c.835G>A	missense_variant	5/10
CD276	chr15	74000729	G	C	1.0000	42	NM_001024736.1:c.1419G>C(p.(Leu473=))	NM_001024736.1:c.1419G>C	synonymous_variant	7/10
CD276	chr15	74001993	T	C	1.0000	31	NM_001024736.1:c.1509T>C(p.(Ala503=))	NM_001024736.1:c.1509T>C	synonymous_variant	8/10
CD276	chr15	74003533	G	A	1.0000	25		NM_001024736.1:c.1582+22G>A	intron_variant	
NTRK3	chr15	88679785	G	A	1.0000	35	NM_001012338.2:c.678=(p.(Asn226=))	NM_001012338.2:c.678=	synonymous_variant	8/20
NTRK3	chr15	88680684	G	A	1.0000	45	NM_001012338.2:c.573C>T(p.(Asn191=))	NM_001012338.2:c.573C>T	synonymous_variant	7/20
FANCI	chr15	89825056	A	G	0.8947	19	NP_001106849.1:p.(Met525Val)	NM_001113378.1:c.1573A>G	missense_variant	16/38
FANCI	chr15	89838236	G	A	1.0000	21	NM_001113378.1:c.2547=(p.(Lys849=))	NM_001113378.1:c.2547=	synonymous_variant	24/38
CHD2	chr15	93510603	A	G	1.0000	22	NM_001271.3:c.2049A>G(p.(Glu683=))	NM_001271.3:c.2049A>G	synonymous_variant	17/39
CHD2	chr15	93521604	A	G	1.0000	22	NM_001271.3:c.2718A>G(p.(Gln906=))	NM_001271.3:c.2718A>G	synonymous_variant	21/39
IGF1R	chr15	99465473	C	T	1.0000	32	NM_000875.4:c.2298C>T(p.(Thr766=))	NM_000875.4:c.2298C>T	synonymous_variant	11/21
AXIN1	chr16	347184	A	G	1.0000	43	NM_003502.3:c.1827T>C(p.(Ala609=))	NM_003502.3:c.1827T>C	synonymous_variant	7/11
AXIN1	chr16	348222	C	T	1.0000	58	NM_003502.3:c.1284G>A(p.(Ser428=))	NM_003502.3:c.1284G>A	synonymous_variant	6/11
AXIN1	chr16	396264	A	G	1.0000	62	NM_003502.3:c.762T>C(p.(Asp254=))	NM_003502.3:c.762T>C	synonymous_variant	2/11
TSC2	chr16	2133793	C	T	1.0000	58	NM_000548.4:c.3981C>T(p.(Asp1327=))	NM_000548.4:c.3981C>T	synonymous_variant	33/42
TSC2	chr16	2138269	T	C	1.0000	37	NM_000548.4:c.5202T>C(p.(Asp1734=))	NM_000548.4:c.5202T>C	synonymous_variant	41/42
TSC2	chr16	2138584	G	C	1.0000	43	NM_000548.4:c.5397G>C(p.(Ser1799=))	NM_000548.4:c.5397G>C	synonymous_variant	42/42
	chr16	5868700	A	G	1.0000	32				
	chr16	5868729	G	C	1.0000	35				
GRIN2A	chr16	9916204	C	G	1.0000	31	NM_000833.4:c.2085G>C(p.(Arg695=))	NM_000833.4:c.2085G>C	synonymous_variant	11/14
GRIN2A	chr16	9943666	C	T	1.0000	29	NM_000833.4:c.1275G>A(p.(Leu425=))	NM_000833.4:c.1275G>A	synonymous_variant	6/14
SOCS1	chr16	11347311	T	C	1.0000	31			downstream_gene_variant	
SOCS1	chr16	11352793	G	C	1.0000	44			upstream_gene_variant	
NUP93	chr16	56855496	C	G	1.0000	29	NM_014669.4:c.645C>G(p.(Leu215=))	NM_014669.4:c.645C>G	synonymous_variant	7/22
CDH1	chr16	68857441	T	C	1.0000	22	NM_004360.4:c.2076T>C(p.(Ala692=))	NM_004360.4:c.2076T>C	synonymous_variant	13/16
ZFHX3	chr16	72822296	G	A	1.0000	47	NM_006885.3:c.9879C>T(p.(Ala3293=))	NM_006885.3:c.9879C>T	synonymous_variant	10/10
ZFHX3	chr16	72822645	G	A	1.0000	32	NP_008816.3:p.(Ser3177Leu)	NM_006885.3:c.9530C>T	missense_variant	10/10
ZFHX3	chr16	72832135	T	A	1.0000	28	NM_006885.3:c.4446A>T(p.(Ala1482=))	NM_006885.3:c.4446A>T	synonymous_variant	9/10
ZFHX3	chr16	72991660	C	G	1.0000	30	NM_006885.3:c.2385G>C(p.(Pro795=))	NM_006885.3:c.2385G>C	synonymous_variant	2/10
	chr16	78017077	A	G	1.0000	33				
	chr16	80106361	C	A	1.0000	22				
PLCG2	chr16	81819768	T	C	1.0000	35	NM_002661.4:c.174T>C(p.(Ala58=))	NM_002661.4:c.174T>C	synonymous_variant	2/33
PLCG2	chr16	81888152	A	G	1.0000	30	NM_002661.4:c.297A>G(p.(Leu99=))	NM_002661.4:c.297A>G	synonymous_variant	3/33
PLCG2	chr16	81929488	C	T	1.0000	44	NM_002661.4:c.1149C>T(p.(Asp383=))	NM_002661.4:c.1149C>T	synonymous_variant	13/33
PLCG2	chr16	81941319	C	T	1.0000	32	NM_002661.4:c.1497C>T(p.(Ala499=))	NM_002661.4:c.1497C>T	synonymous_variant	16/33
ANKRD11	chr16	89350038	G	A	1.0000	50	NP_037407.4:p.(Ala971Val)	NM_013275.5:c.2912C>T	missense_variant	9/13
ANKRD11	chr16	89350178	G	A	1.0000	34	NM_013275.5:c.2772C>T(p.(Thr924=))	NM_013275.5:c.2772C>T	synonymous_variant	9/13
GPS2	chr17	7217463	T	C	1.0000	31	NM_004489.4:c.333A>G(p.(Leu111=))	NM_004489.4:c.333A>G	synonymous_variant	5/11
TP53	chr17	7578115	T	C	1.0000	34		NM_000546.5:c.672+62A>G	intron_variant	
TP53	chr17	7578645	C	T	1.0000	28		NM_000546.5:c.376-91G>A	intron_variant	
TP53	chr17	7578837	A	G	1.0000	19		NM_000546.5:c.376-283T>C	intron_variant	
AURKB	chr17	8108331	A	G	1.0000	50	NP_001271455.1:p.(Met299Thr)	NM_001284526.1:c.896T>C	missense_variant	9/9
AURKB	chr17	8108339	G	A	1.0000	44	NM_001284526.1:c.888C>T(p.(Ser296=))	NM_001284526.1:c.888C>T	synonymous_variant	9/9
GID4	chr17	17948475	G	A	1.0000	35	NM_024052.4:c.453G>A(p.(Gly151=))	NM_024052.4:c.453G>A	synonymous_variant	2/6
STAT5A	chr17	40459737	C	T	1.0000	42	NM_003152.3:c.1902C>T(p.(Asp634=))	NM_003152.3:c.1902C>T	synonymous_variant	16/20
STAT5A	chr17	40462531	C	T	1.0000	30	NM_003152.3:c.2229C>T(p.(Asp743=))	NM_003152.3:c.2229C>T	synonymous_variant	20/20
STAT3	chr17	40462531	C	T	1.0000	30			downstream_gene_variant	
ETV4	chr17	41618176	G	A	1.0000	52		NM_001079675.2:c.202+4167C>T	intron_variant	
MAP3K14	chr17	43342141	G	C	1.0000	55	NP_003945.2:p.(Ser902Ter)	NM_003954.3:c.2705C>G	stop_gained	16/16
HOXB13	chr17	46805590	G	A	1.0000	55	NM_006361.5:c.366C>T(p.(Ser122=))	NM_006361.5:c.366C>T	synonymous_variant	1/2
CD79B	chr17	62007498	A	G	1.0000	49	NM_001039933.2:c.369T>C(p.(Cys123=))	NM_001039933.2:c.369T>C	synonymous_variant	3/6
AXIN2	chr17	63533768	G	A	1.0000	49	NM_004655.3:c.1386C>T(p.(Pro462=))	NM_004655.3:c.1386C>T	synonymous_variant	6/11
AXIN2	chr17	63533789	T	C	1.0000	47	NM_004655.3:c.1365A>G(p.(Pro455=))	NM_004655.3:c.1365A>G	synonymous_variant	6/11
AXIN2	chr17	63534250	T	C	1.0000	35		NM_004655.3:c.1200+71A>G	intron_variant	
	chr17	66547249	G	A	1.0000	30				
SRSF2	chr17	74732507	A	G	1.0000	36	NM_003016.4:c.402=(p.(Ser134=))	NM_003016.4:c.402=	synonymous_variant	2/2
SRSF2	chr17	74733099	G	A	1.0000	41	NM_003016.4:c.144C>T(p.(Asp48=))	NM_003016.4:c.144C>T	synonymous_variant	1/2
	chr17	77468498	T	C	1.0000	27				
RPTOR	chr17	78896529	C	T	1.0000	38	NM_020761.2:c.2526C>T(p.(Thr842=))	NM_020761.2:c.2526C>T	synonymous_variant	22/34
RPTOR	chr17	78921117	C	T	1.0000	44	NM_020761.2:c.3231C>T(p.(Asn1077=))	NM_020761.2:c.3231C>T	synonymous_variant	27/34
YES1	chr18	724612	A	G	1.0000	31	NM_005433.3:c.1444=(p.(Leu482=))	NM_005433.3:c.1444=	synonymous_variant	12/12
	chr18	1127986	C	A	1.0000	33				
SETBP1	chr18	42533130	A	G	1.0000	72	NM_015559.2:c.3825A>G(p.(Ser1275=))	NM_015559.2:c.3825A>G	synonymous_variant	4/6
	chr18	55225777	T	C	1.0000	21				
	chr18	57560606	T	G	1.0000	17				
	chr18	75432386	C	T	1.0000	9				
GNA11	chr19	3119239	C	T	1.0000	51	NM_002067.4:c.771C>T(p.(Thr257=))	NM_002067.4:c.771C>T	synonymous_variant	6/7
MAP2K2	chr19	4102449	G	A	1.0000	58	NM_030662.3:c.453C>T(p.(Asp151=))	NM_030662.3:c.453C>T	splice_region_variant:synonymous_variant	4/11
	chr19	5174030	A	G	1.0000	8				
PTPRS	chr19	5210782	G	A	1.0000	46	NM_002850.3:c.5269C>T(p.(Leu1757=))	NM_002850.3:c.5269C>T	synonymous_variant	34/38
PTPRS	chr19	5214697	A	G	1.0000	51	NP_002841.3:p.(Cys1457Arg)	NM_002850.3:c.4369T>C	missense_variant	29/38
PTPRS	chr19	5225802	G	A	1.0000	54	NM_002850.3:c.2430C>T(p.(Ala810=))	NM_002850.3:c.2430C>T	synonymous_variant	17/38
INSR	chr19	7125297	G	A	0.4416	77	NM_000208.3:c.3255C>T(p.(His1085=))	NM_000208.3:c.3255C>T	synonymous_variant	17/22
INSR	chr19	7166388	G	A	0.3099	71	NM_000208.3:c.1638C>T(p.(Asp546=))	NM_000208.3:c.1638C>T	synonymous_variant	8/22
INSR	chr19	7184518	G	A	0.4531	64	NM_000208.3:c.783C>T(p.(Asp261=))	NM_000208.3:c.783C>T	synonymous_variant	3/22
DNMT1	chr19	10265312	T	C	1.0000	86	NM_001130823.2:c.1782A>G(p.(Thr594=))	NM_001130823.2:c.1782A>G	synonymous_variant	21/41
DNMT1	chr19	10265593	G	T	0.5000	62	NM_001130823.2:c.1632C>A(p.(Ile544=))	NM_001130823.2:c.1632C>A	synonymous_variant	20/41
SMARCA4	chr19	11101993	G	A	0.5000	50	NM_001128849.1:c.1413G>A(p.(Lys471=))	NM_001128849.1:c.1413G>A	synonymous_variant	8/36
SMARCA4	chr19	11105593	A	G	0.3455	55	NM_001128849.1:c.1509A>G(p.(Ala503=))	NM_001128849.1:c.1509A>G	synonymous_variant	9/36
SMARCA4	chr19	11105608	T	C	0.4000	45	NM_001128849.1:c.1524T>C(p.(His508=))	NM_001128849.1:c.1524T>C	synonymous_variant	9/36
SMARCA4	chr19	11170839	T	C	0.5397	63	NM_001128849.1:c.4983T>C(p.(Asp1661=))	NM_001128849.1:c.4983T>C	synonymous_variant	35/36
DNAJB1	chr19	14627050	G	A	1.0000	79		NM_006145.2:c.793-68C>T	intron_variant	
DNAJB1	chr19	14628524	C	T	0.5319	47		NM_006145.2:c.211+427G>A	intron_variant	
DNAJB1	chr19	14629150	G	A	0.4681	47	NM_006145.2:c.12C>T(p.(Asp4=))	NM_006145.2:c.12C>T	synonymous_variant	1/3
NOTCH3	chr19	15271771	G	A	1.0000	96	NP_000426.2:p.(Ala2223Val)	NM_000435.2:c.6668C>T	missense_variant	33/33
NOTCH3	chr19	15285052	T	C	1.0000	77	NM_000435.2:c.4563A>G(p.(Pro1521=))	NM_000435.2:c.4563A>G	synonymous_variant	25/33
NOTCH3	chr19	15292437	T	C	0.9867	75	NM_000435.2:c.2742A>G(p.(Pro914=))	NM_000435.2:c.2742A>G	synonymous_variant	17/33
NOTCH3	chr19	15295134	G	A	1.0000	80	NM_000435.2:c.2538C>T(p.(Cys846=))	NM_000435.2:c.2538C>T	synonymous_variant	16/33
NOTCH3	chr19	15302844	T	C	1.0000	84	NM_000435.2:c.606A>G(p.(Ala202=))	NM_000435.2:c.606A>G	synonymous_variant	4/33
PIK3R2	chr19	18279638	T	C	0.3750	72	NM_005027.3:c.1911T>C(p.(Ser637=))	NM_005027.3:c.1911T>C	synonymous_variant	15/16
PIK3R2	chr19	18280096	G	A	0.6667	18	NP_005018.1:p.(Ala727Thr)	NM_005027.3:c.2179G>A	missense_variant	16/16
	chr19	28463337	G	A	0.4500	40				
CCNE1	chr19	30314666	C	T	1.0000	50	NM_001238.3:c.1215C>T(p.(Ser405=))	NM_001238.3:c.1215C>T	synonymous_variant	12/12
AKT2	chr19	40737242	T	C	1.0000	38		NM_001626.5:c.*2537=	3_prime_UTR_variant	14/14
AXL	chr19	41725271	A	G	1.0000	39		NM_021913.4:c.-27A>G	5_prime_UTR_variant	1/20
AXL	chr19	41732688	G	T	0.3514	37		NM_021913.4:c.587-4184G>T	intron_variant	
AXL	chr19	41743861	A	G	1.0000	50	NM_021913.4:c.796=(p.(Asp266=))	NM_021913.4:c.796=	synonymous_variant	7/20
CIC	chr19	42799049	C	T	0.6793	53	NM_001304815.1:c.7260C>T(p.(Ile2420=))	NM_001304815.1:c.7260C>T	synonymous_variant	21/21
ERCC2	chr19	45854919	T	G	0.2759	58	NP_000391.1:p.(Lys751Gln)	NM_000400.3:c.2251A>C	missense_variant	23/23
ERCC2	chr19	45855524	G	A	0.2983	57	NM_000400.3:c.2133C>T(p.(Asp711=))	NM_000400.3:c.2133C>T	synonymous_variant	22/23
ERCC2	chr19	45857049	T	C	0.2353	34		NM_000400.3:c.1666-457A>G	intron_variant	
ERCC2	chr19	45867259	C	T	0.2619	42	NP_000391.1:p.(Asp312Asn)	NM_000400.3:c.934G>A	missense_variant	10/23
ERCC2	chr19	45868309	T	G	0.3462	52	NM_000400.3:c.468A>C(p.(Arg156=))	NM_000400.3:c.468A>C	synonymous_variant	6/23
ERCC2	chr19	45871606	T	C	0.4400	25		NM_000400.3:c.360+282A>G	intron_variant	
ERCC1	chr19	45919955	G	C	0.2703	37		NM_202001.2:c.602+124C>G	intron_variant	
ERCC1	chr19	45923653	A	G	0.2759	58	NM_202001.2:c.354T>C(p.(Asn118=))	NM_202001.2:c.354T>C	synonymous_variant	3/8
ERCC1	chr19	45925323	T	C	0.2656	64		NM_202001.2:c.106-672A>G	intron_variant	
POLD1	chr19	50905042	G	A	0.2857	42	NM_001308632.1:c.324G>A(p.(Ala108=))	NM_001308632.1:c.324G>A	synonymous_variant	3/26
POLD1	chr19	50905074	G	A	0.2414	58	NP_001295561.1:p.(Arg119His)	NM_001308632.1:c.356G>A	missense_variant	3/26
POLD1	chr19	50909765	C	T	0.6774	62	NM_001308632.1:c.1485C>T(p.(Thr495=))	NM_001308632.1:c.1485C>T	synonymous_variant	11/26
PPP2R1A	chr19	52729030	C	T	0.2174	69	NM_014225.5:c.1722C>T(p.(Asp574=))	NM_014225.5:c.1722C>T	synonymous_variant	14/15
PAK5	chr20	9520133	G	A	0.5807	62	NM_020341.3:c.2136C>T(p.(Leu712=))	NM_020341.3:c.2136C>T	synonymous_variant	11/11
PAK5	chr20	9543622	C	T	0.3636	44	NP_065074.1:p.(Ser511Asn)	NM_020341.3:c.1532G>A	missense_variant	7/11
	chr20	15124893	T	C	0.4375	16				
	chr20	15124933	G	C	0.3158	19				
ASXL1	chr20	31022959	T	C	1.0000	73	NM_015338.5:c.2444=(p.(Pro815=))	NM_015338.5:c.2444=	synonymous_variant	13/13
SRC	chr20	36030939	G	C	1.0000	49	NM_198291.2:c.1218=(p.(Ala406=))	NM_198291.2:c.1218=	synonymous_variant	12/14
	chr20	39487110	G	A	1.0000	32				
PTPRT	chr20	41306600	A	G	1.0000	33	NM_133170.3:c.1059T>C(p.(Asp353=))	NM_133170.3:c.1059T>C	synonymous_variant	7/32
AURKA	chr20	54961463	T	C	1.0000	26	NP_003591.2:p.(Ile57Val)	NM_003600.3:c.169A>G	missense_variant	3/9
GNAS	chr20	57478807	C	T	1.0000	27	NM_080425.3:c.2322C>T(p.(Ile774=))	NM_080425.3:c.2322C>T	synonymous_variant	5/13
	chr21	28608163	A	G	0.7857	28				
	chr21	29679687	A	G	0.7586	29				
ERG	chr21	39752673	C	T	0.4333	30		NM_001136154.1:c.*2652G>A	3_prime_UTR_variant	12/12
ERG	chr21	39753375	T	C	0.1622	37		NM_001136154.1:c.*1950A>G	3_prime_UTR_variant	12/12
ERG	chr21	39775558	G	A	0.2308	52	NM_001136154.1:c.483C>T(p.(Asp161=))	NM_001136154.1:c.483C>T	synonymous_variant	6/12
ERG	chr21	39843083	G	A	0.4444	18		NM_001136154.1:c.40-25539C>T	intron_variant	
ERG	chr21	39843392	C	T	1.0000	30		NM_001136154.1:c.40-25848G>A	intron_variant	
ERG	chr21	39870310	G	A	0.4783	23		NM_001136154.1:c.40-52766C>T	intron_variant	
	chr21	42415929	G	A	1.0000	40				
TMPRSS2	chr21	42836476	A	G	1.0000	9			downstream_gene_variant	
TMPRSS2	chr21	42836496	T	C	1.0000	10		NM_001135099.1:c.*1573A>G	3_prime_UTR_variant	14/14
TMPRSS2	chr21	42836729	A	G	1.0000	38		NM_001135099.1:c.*1340T>C	3_prime_UTR_variant	14/14
TMPRSS2	chr21	42836751	T	A	1.0000	40		NM_001135099.1:c.*1318A>T	3_prime_UTR_variant	14/14
TMPRSS2	chr21	42845383	A	G	0.5862	58	NM_001135099.1:c.879T>C(p.(Ile293=))	NM_001135099.1:c.879T>C	synonymous_variant	9/14
TMPRSS2	chr21	42860485	G	C	1.0000	47		NM_001135099.1:c.437-45C>G	intron_variant	
TMPRSS2	chr21	42861332	C	T	0.3208	53		NM_001135099.1:c.436+102G>A	intron_variant	
TMPRSS2	chr21	42863178	A	G	1.0000	29		NM_001135099.1:c.350-1658T>C	intron_variant	
TMPRSS2	chr21	42863320	C	A	0.8000	35		NM_001135099.1:c.350-1800G>T	intron_variant	
TMPRSS2	chr21	42863326	A	G	0.1842	38		NM_001135099.1:c.350-1806T>C	intron_variant	
TMPRSS2	chr21	42863369	C	T	0.7292	48		NM_001135099.1:c.350-1849G>A	intron_variant	
TMPRSS2	chr21	42863779	T	C	0.2000	50		NM_001135099.1:c.350-2259A>G	intron_variant	
TMPRSS2	chr21	42864166	A	C	0.3333	24		NM_001135099.1:c.349+2117T>G	intron_variant	
TMPRSS2	chr21	42864743	A	G	0.4722	36		NM_001135099.1:c.349+1540T>C	intron_variant	
TMPRSS2	chr21	42865047	C	T	1.0000	72		NM_001135099.1:c.349+1236G>A	intron_variant	
TMPRSS2	chr21	42865151	T	C	1.0000	52		NM_001135099.1:c.349+1132A>G	intron_variant	
TMPRSS2	chr21	42865324	G	A	0.6429	28		NM_001135099.1:c.349+959C>T	intron_variant	
TMPRSS2	chr21	42871941	G	C	1.0000	47		NM_001135099.1:c.56-1825C>G	intron_variant	
TMPRSS2	chr21	42872897	G	C	1.0000	52		NM_001135099.1:c.56-2781C>G	intron_variant	
TMPRSS2	chr21	42876400	C	T	1.0000	70		NM_001135099.1:c.55+3477G>A	intron_variant	
TMPRSS2	chr21	42877542	C	A	1.0000	71		NM_001135099.1:c.55+2335G>T	intron_variant	
TMPRSS2	chr21	42879403	A	T	0.9796	49		NM_001135099.1:c.55+474T>A	intron_variant	
	chr21	43606997	T	C	1.0000	54				
ICOSLG	chr21	45649494	A	G	1.0000	29		NM_001283050.1:c.898+443T>C	intron_variant	
ICOSLG	chr21	45649666	G	A	0.5333	45		NM_001283050.1:c.898+271C>T	intron_variant	
ICOSLG	chr21	45649778	A	G	0.4035	57		NM_001283050.1:c.898+159T>C	intron_variant	
ICOSLG	chr21	45649848	T	C	0.5085	59		NM_001283050.1:c.898+89A>G	intron_variant	
ICOSLG	chr21	45656774	C	T	0.7059	51	NP_001269979.1:p.(Val128Ile)	NM_001283050.1:c.382G>A	missense_variant	3/7
BCR	chr22	23627369	A	G	1.0000	32	NP_004318.3:p.(Asn796Ser)	NM_004327.3:c.2387A>G	missense_variant	10/23
BCR	chr22	23631801	T	C	1.0000	46	NM_004327.3:c.2700T>C(p.(Asn900=))	NM_004327.3:c.2700T>C	synonymous_variant	13/23
BCR	chr22	23631823	T	C	1.0000	44		NM_004327.3:c.2707+15T>C	intron_variant	
BCR	chr22	23632257	A	G	1.0000	30		NM_004327.3:c.2708-269A>G	intron_variant	
BCR	chr22	23632333	G	A	1.0000	32		NM_004327.3:c.2708-193G>A	intron_variant	
BCR	chr22	23632513	A	G	1.0000	38		NM_004327.3:c.2708-13A>G	intron_variant	
BCR	chr22	23632621	G	C	1.0000	35		NM_004327.3:c.2782+21G>C	intron_variant	
BCR	chr22	23632636	C	A	1.0000	30		NM_004327.3:c.2782+36C>A	intron_variant	
BCR	chr22	23632665	C	A	1.0000	36		NM_004327.3:c.2782+65C>A	intron_variant	
BCR	chr22	23632913	G	A	1.0000	41		NM_004327.3:c.2782+313G>A	intron_variant	
BCR	chr22	23632921	G	T	1.0000	44		NM_004327.3:c.2782+321G>T	intron_variant	
BCR	chr22	23633944	A	G	1.0000	44		NM_004327.3:c.2783-784A>G	intron_variant	
CHEK2	chr22	29125836	T	C	1.0000	22		NM_007194.3:c.320-4481A>G	intron_variant	
EWSR1	chr22	29678937	G	A	1.0000	6		NM_013986.3:c.599+391G>A	intron_variant	
SOX10	chr22	38369976	A	G	1.0000	43	NM_006941.3:c.927T>C(p.(His309=))	NM_006941.3:c.927T>C	synonymous_variant	4/4
	chr22	47836412	G	A	1.0000	12				
ZRSR2	chrX	15838366	C	T	1.0000	7	NM_005089.3:c.864C>T(p.(Asn288=))	NM_005089.3:c.864C>T	synonymous_variant	10/11
BCOR	chrX	39932808	G	A	0.4595	37	NM_001123385.1:c.1791C>T(p.(His597=))	NM_001123385.1:c.1791C>T	synonymous_variant	4/15
BCOR	chrX	39933339	A	G	1.0000	45	NM_001123385.1:c.1260T>C(p.(Asp420=))	NM_001123385.1:c.1260T>C	synonymous_variant	4/15
SMC1A	chrX	53449568	G	A	0.6793	53		NM_006306.3:c.-19C>T	5_prime_UTR_variant	1/25
AR	chrX	66765627	G	A	0.2090	67	NM_000044.3:c.639G>A(p.(Glu213=))	NM_000044.3:c.639G>A	synonymous_variant	1/8
AR	chrX	66909171	C	G	0.7727	22		NM_000044.3:c.1885+3203C>G	intron_variant	
TAF1	chrX	70613923	G	A	0.7391	23	NM_001286074.1:c.3294G>A(p.(Leu1098=))	NM_001286074.1:c.3294G>A	synonymous_variant	22/39
BTK	chrX	100608191	G	A	0.7500	20	NM_000061.2:c.1899C>T(p.(Cys633=))	NM_000061.2:c.1899C>T	synonymous_variant	18/19
BCORL1	chrX	129147079	T	C	1.0000	40	NM_001184772.2:c.331=(p.(Leu111=))	NM_001184772.2:c.331=	synonymous_variant	3/13
BCORL1	chrX	129147373	G	A	1.0000	39	NP_001171701.1:p.(Gly209Ser)	NM_001184772.2:c.625G>A	missense_variant	3/13
		
